0.533608
0.515775
0.531324
0.531938
0.536466
0.507902
0.513409
0.530729
0.511111
0.522159
0.519096
0.525155
0.514591
0.520536
0.538089
0.536648
0.525428
0.528692
0.505664
0.524279
0.500652
0.509715
0.545489
0.572167
0.546267
0.556038
0.545192
0.544352
0.579957
0.54873
0.560517
0.573564
0.564506
0.551841
0.565502
0.560971
0.559743
0.578911
0.551701
0.570854
0.56107
0.570797
0.556009
0.575661
0.551333
0.554098
0.572309
0.576761
0.54279
0.577973
0.56104
0.543442
0.547689
0.566529
0.575609
0.553956
0.542567
0.540801
0.558308
0.542524
0.549531
0.578825
0.576088
0.574037
0.550667
0.56159
0.555008
0.57041
0.560501
0.566709
0.561264
0.541571
0.557506
0.577273
0.577232
0.568838
0.551372
0.569541
0.565599
0.554162
0.567514
0.546639
0.557604
0.575203
0.573168
0.553213
0.549159
0.575735
0.554014
0.567467
0.578259
0.563546
0.566292
0.574347
0.557582
0.576959
0.555937
0.572591
0.567369
0.576439
0.5593
0.548633
0.57801
0.576805
0.545906
0.575242
0.565643
0.557278
0.564784
0.551242
0.57144
0.552298
0.557881
0.549044
0.547501
0.551049
0.562258
0.55666
0.546784
0.576272
0.544127
0.545043
0.559818
0.570419
0.57939
0.5774
0.567378
0.555328
0.569991
0.554747
0.551766
0.54929
0.56338
0.549777
0.546096
0.569286
0.545019
0.571739
0.546564
0.569803
0.542981
0.578004
0.542101
0.560863
0.547048
0.549602
0.571912
0.569306
0.566263
0.578696
0.565578
0.570389
0.543739
0.545396
0.560808
0.543129
0.542796
0.548186
0.558457
0.572787
0.562933
0.570223
0.542078
0.546312
0.58
0.548173
0.575598
0.545019
0.579912
0.542162
0.574822
0.542893
0.540166
0.576923
0.563756
0.547215
0.546525
0.555668
0.576521
0.572788
0.554364
0.562099
0.563177
0.558103
0.567495
0.543986
0.561232
0.570292
0.552172
0.579689
0.563079
0.575105
0.569912
0.565156
0.541417
0.569912
0.57333
0.577015
0.574931
0.573242
0.579177
0.569752
0.576135
0.579344
0.566675
0.55989
0.546559
0.5732
0.575558
0.54308
0.565988
0.549922
0.565179
0.549165
0.568025
0.552675
0.553151
0.549257
0.542966
0.565323
0.548946
0.566045
0.560427
0.578859
0.551202
0.561844
0.568771
0.544531
0.558859
0.563702
0.577773
0.558037
0.553454
0.573907
0.557381
0.540129
0.553798
0.563939
0.57333
0.549356
0.567019
0.559318
0.559277
0.552198
0.568483
0.547302
0.564873
0.541635
0.556559
0.567839
0.566957
0.565506
0.553885
0.547385
0.564364
0.565086
0.569229
0.553135
0.569618
0.548089
0.576837
0.56739
0.566125
0.550291
0.561298
0.543506
0.55042
0.575095
0.567445
0.54375
0.544451
0.554464
0.563068
0.563728
0.566662
0.551551
0.571031
0.551535
0.553186
0.58759
0.619375
0.580143
0.613096
0.593259
0.587528
0.59746
0.618345
0.616757
0.610595
0.607963
0.584846
0.607431
0.595353
0.610971
0.617722
0.616651
0.614477
0.588142
0.611746
0.601922
0.591892
0.616197
0.616386
0.614959
0.599926
0.603048
0.58651
0.590956
0.614583
0.599696
0.598546
0.613958
0.599839
0.591642
0.587217
0.607367
0.609102
0.585562
0.604124
0.599697
0.613525
0.60897
0.587128
0.588879
0.599941
0.58485
0.58553
0.594418
0.592992
0.617276
0.616339
0.604884
0.613473
0.612725
0.599843
0.593399
0.595773
0.606353
0.604355
0.590356
0.586049
0.582902
0.584314
0.605888
0.594544
0.591531
0.593255
0.583646
0.597093
0.61738
0.603343
0.590618
0.60635
0.610471
0.599497
0.586291
0.615321
0.605027
0.600709
0.588314
0.602302
0.597048
0.613198
0.595776
0.589773
0.593041
0.609174
0.605546
0.619394
0.59353
0.615902
0.585443
0.596432
0.580216
0.611331
0.610975
0.591747
0.584587
0.614621
0.60884
0.581966
0.597964
0.619459
0.608316
0.588435
0.598956
0.614607
0.583757
0.583982
0.595316
0.592071
0.606285
0.612364
0.585268
0.58206
0.582137
0.598309
0.611235
0.607683
0.597702
0.584764
0.603585
0.603145
0.601196
0.603802
0.594477
0.592171
0.615549
0.599063
0.586793
0.604389
0.60103
0.604757
0.603848
0.589346
0.613192
0.582804
0.583953
0.616949
0.586786
0.599269
0.58902
0.613071
0.591633
0.594288
0.615131
0.59377
0.612596
0.606366
0.581453
0.590299
0.61113
0.605039
0.613444
0.592326
0.58884
0.587921
0.604498
0.584389
0.606984
0.61129
0.608778
0.588014
0.596048
0.592626
0.59736
0.58924
0.59543
0.601314
0.586189
0.602216
0.580583
0.595209
0.595287
0.592216
0.609496
0.590418
0.605986
0.602093
0.616784
0.607439
0.612391
0.607914
0.592478
0.605836
0.58024
0.601318
0.613756
0.604738
0.605708
0.600741
0.596028
0.594486
0.608755
0.612076
0.607112
0.586115
0.581316
0.582542
0.607429
0.587505
0.604758
0.608012
0.602713
0.580045
0.580228
0.59221
0.590463
0.606215
0.614302
0.587246
0.593654
0.606694
0.61516
0.606132
0.592529
0.615401
0.587451
0.586286
0.600138
0.613158
0.607026
0.616167
0.587644
0.595781
0.608243
0.614757
0.601896
0.609558
0.617299
0.589325
0.617063
0.602058
0.617337
0.599776
0.602103
0.617565
0.611986
0.612566
0.60378
0.606288
0.619812
0.617434
0.592982
0.614972
0.603566
0.605511
0.610373
0.611017
0.611796
0.590511
0.604175
0.598823
0.586678
0.61182
0.614603
0.614921
0.606577
0.596499
0.604479
0.603876
0.605824
0.601542
0.585934
0.603161
0.581319
0.608036
0.600726
0.613304
0.600602
0.584506
0.599592
0.600414
0.58194
0.612574
0.595386
0.605506
0.598085
0.585759
0.596523
0.589881
0.596271
0.580698
0.608704
0.602949
0.612518
0.603307
0.59787
0.599094
0.619807
0.582349
0.58297
0.605631
0.603891
0.588904
0.588792
0.60521
0.616941
0.609518
0.598514
0.597542
0.614023
0.618106
0.617956
0.615963
0.610681
0.593343
0.60147
0.588765
0.599102
0.617993
0.598647
0.615373
0.618691
0.587351
0.598322
0.611209
0.610658
0.616191
0.590303
0.610464
0.61854
0.593274
0.596095
0.602431
0.602178
0.604887
0.587641
0.599118
0.594404
0.606155
0.616661
0.588428
0.604262
0.614617
0.584391
0.594942
0.58796
0.605861
0.603708
0.607062
0.603854
0.582354
0.602435
0.602545
0.589705
0.580756
0.593754
0.580363
0.616948
0.604057
0.610827
0.615488
0.617331
0.586923
0.597919
0.599509
0.611809
0.60556
0.618627
0.586213
0.591716
0.615288
0.594641
0.615977
0.609906
0.599032
0.590919
0.617866
0.584893
0.614627
0.604928
0.608747
0.616982
0.587363
0.591291
0.586687
0.588119
0.605045
0.58705
0.585067
0.589102
0.617877
0.580555
0.586433
0.5848
0.598474
0.605942
0.616609
0.584034
0.604569
0.582822
0.59575
0.599857
0.597463
0.591727
0.589763
0.616496
0.602647
0.587628
0.581389
0.597274
0.612556
0.610135
0.594255
0.619919
0.581427
0.600942
0.588038
0.606472
0.607991
0.593105
0.615574
0.605868
0.593659
0.582007
0.610668
0.612133
0.607949
0.607277
0.616167
0.592518
0.610099
0.591917
0.612375
0.587563
0.603644
0.582138
0.584058
0.586291
0.589766
0.585447
0.603565
0.582322
0.615582
0.61782
0.582241
0.617009
0.598762
0.590279
0.60348
0.586753
0.603383
0.599054
0.612622
0.617043
0.601061
0.60329
0.609176
0.589009
0.590567
0.605343
0.601527
0.580666
0.617261
0.593902
0.588229
0.600905
0.596039
0.592287
0.607196
0.605805
0.597734
0.590761
0.608127
0.593316
0.588581
0.610368
0.590324
0.607343
0.580647
0.613805
0.614096
0.604031
0.592859
0.606718
0.601073
0.61392
0.590008
0.590249
0.582929
0.600575
0.615593
0.604456
0.601241
0.612853
0.618358
0.60947
0.593758
0.594398
0.581757
0.580955
0.580203
0.59949
0.591715
0.60833
0.612806
0.600296
0.598699
0.58313
0.587639
0.599346
0.616935
0.581736
0.583376
0.589794
0.608454
0.60445
0.583714
0.618463
0.614699
0.586644
0.599038
0.610291
0.6111
0.580279
0.603145
0.609458
0.609749
0.616903
0.583856
0.611506
0.617857
0.584059
0.590996
0.589573
0.61239
0.583802
0.609869
0.591089
0.586932
0.617509
0.610434
0.583867
0.619244
0.613811
0.593662
0.607699
0.598261
0.597376
0.606161
0.592959
0.60402
0.585199
0.583251
0.59512
0.585478
0.606395
0.584578
0.615227
0.603298
0.588435
0.606733
0.601155
0.592494
0.617729
0.610728
0.584883
0.581531
0.600597
0.595972
0.588463
0.598106
0.586406
0.59233
0.59735
0.580217
0.605991
0.585049
0.598478
0.583367
0.61121
0.611437
0.607387
0.616409
0.614688
0.582507
0.581887
0.601083
0.587085
0.617115
0.584381
0.59552
0.603848
0.605536
0.608014
0.601577
0.596265
0.612897
0.603107
0.616862
0.588869
0.61157
0.594968
0.595276
0.5839
0.612318
0.595493
0.609891
0.617367
0.613971
0.613258
0.608577
0.605408
0.600646
0.604986
0.600096
0.603153
0.606874
0.581179
0.610238
0.603988
0.58556
0.585758
0.587836
0.611096
0.613771
0.609412
0.587361
0.606668
0.59252
0.584223
0.615537
0.584089
0.599191
0.590813
0.587989
0.591509
0.606306
0.61788
0.588877
0.600277
0.611139
0.617454
0.585685
0.591784
0.60244
0.605781
0.614937
0.589314
0.60696
0.605174
0.613302
0.61252
0.610932
0.581138
0.603616
0.604703
0.610551
0.610977
0.591372
0.58307
0.6152
0.586909
0.587159
0.594391
0.597722
0.595148
0.605901
0.584027
0.593028
0.614778
0.604304
0.584167
0.612232
0.609989
0.595951
0.594672
0.59577
0.590888
0.603986
0.582729
0.616062
0.597288
0.615249
0.606994
0.598426
0.598866
0.591697
0.588977
0.589843
0.603069
0.592047
0.585043
0.609978
0.599206
0.599435
0.587699
0.614355
0.585336
0.591727
0.587383
0.580113
0.616031
0.59155
0.612345
0.60602
0.607501
0.587017
0.581789
0.618389
0.611002
0.584519
0.614451
0.58829
0.619768
0.601445
0.606716
0.598633
0.613142
0.615693
0.608476
0.596211
0.58774
0.613519
0.586188
0.606946
0.592954
0.593888
0.601301
0.59829
0.605615
0.608684
0.598403
0.601646
0.580234
0.590747
0.587665
0.607735
0.597764
0.589454
0.606123
0.588766
0.593973
0.600574
0.597056
0.593741
0.582019
0.583773
0.612374
0.615161
0.619466
0.60085
0.591371
0.587205
0.59437
0.59756
0.614151
0.607324
0.611447
0.595452
0.585614
0.597062
0.584136
0.604016
0.618708
0.584369
0.614764
0.586373
0.612104
0.592527
0.595827
0.598228
0.601294
0.6098
0.618802
0.61835
0.583541
0.58082
0.582123
0.615915
0.615981
0.581589
0.596766
0.587352
0.588794
0.611136
0.604912
0.582946
0.59846
0.596359
0.598397
0.604073
0.613421
0.602533
0.588089
0.612129
0.606902
0.582853
0.618502
0.599007
0.59538
0.594329
0.617234
0.616674
0.58413
0.616036
0.615024
0.587671
0.616856
0.617147
0.583586
0.612837
0.618736
0.600352
0.580189
0.58753
0.591488
0.605101
0.590475
0.649947
0.62146
0.648873
0.63402
0.654881
0.631406
0.64211
0.64701
0.658308
0.644962
0.645512
0.637315
0.620343
0.659842
0.634549
0.657017
0.623971
0.630585
0.652041
0.631642
0.627441
0.649188
0.635228
0.620278
0.647924
0.65558
0.620467
0.655454
0.627068
0.645568
0.625929
0.657015
0.647028
0.654802
0.631035
0.641909
0.626208
0.653145
0.628919
0.624516
0.638107
0.654431
0.641831
0.63845
0.654273
0.65638
0.635467
0.658244
0.626965
0.627508
0.629887
0.634407
0.656696
0.645115
0.634685
0.64462
0.640696
0.635152
0.640073
0.647764
0.62072
0.646003
0.644779
0.647748
0.640805
0.655814
0.629657
0.647013
0.648959
0.638576
0.651529
0.627066
0.633007
0.633361
0.645516
0.62728
0.629741
0.620983
0.625525
0.636707
0.628491
0.635411
0.651113
0.625187
0.620526
0.625798
0.649806
0.641222
0.64095
0.62988
0.628986
0.64167
0.655882
0.653765
0.629417
0.636687
0.649579
0.639074
0.6237
0.638538
0.65765
0.655229
0.645604
0.630657
0.62859
0.63112
0.637937
0.638331
0.632103
0.643461
0.655037
0.640594
0.658873
0.64615
0.64578
0.659399
0.651948
0.635587
0.640621
0.632898
0.645466
0.649607
0.654568
0.641348
0.643372
0.623985
0.658035
0.63295
0.643059
0.621735
0.651488
0.640709
0.656964
0.637092
0.651366
0.625554
0.648212
0.629303
0.643885
0.620315
0.652764
0.638922
0.640909
0.651637
0.625072
0.62669
0.651036
0.65702
0.642276
0.631657
0.629918
0.627743
0.621264
0.624486
0.649091
0.644636
0.628471
0.647126
0.657586
0.651531
0.648862
0.649074
0.632239
0.645826
0.626166
0.623605
0.65138
0.654378
0.632908
0.635264
0.654693
0.625672
0.654186
0.635602
0.657309
0.659258
0.642292
0.648345
0.656279
0.624568
0.620002
0.626197
0.632311
0.621266
0.630683
0.621402
0.645902
0.639155
0.648528
0.643488
0.630685
0.63739
0.632562
0.642925
0.623215
0.638727
0.64653
0.654595
0.633105
0.659438
0.629859
0.627798
0.62511
0.624045
0.6434
0.622418
0.623303
0.625692
0.650763
0.659582
0.63026
0.650765
0.625779
0.64257
0.652031
0.636462
0.643972
0.637933
0.655617
0.6325
0.621421
0.626302
0.649889
0.633982
0.649227
0.653105
0.65271
0.635757
0.6477
0.625815
0.635195
0.657559
0.633613
0.640305
0.621603
0.657013
0.642723
0.624907
0.622704
0.633486
0.624488
0.632964
0.624251
0.630267
0.655534
0.656282
0.646729
0.639506
0.634215
0.642346
0.652005
0.635636
0.648648
0.641894
0.649618
0.637875
0.634999
0.642328
0.653632
0.622698
0.648143
0.628827
0.620257
0.621756
0.649132
0.621861
0.658768
0.631855
0.626767
0.621473
0.645341
0.631255
0.634437
0.649592
0.641522
0.62997
0.645874
0.628251
0.649476
0.620088
0.650597
0.641481
0.635724
0.639245
0.623376
0.625342
0.65712
0.638375
0.64767
0.650752
0.641073
0.635813
0.659579
0.64133
0.637568
0.648711
0.643191
0.636337
0.620566
0.649958
0.637809
0.645907
0.621213
0.652246
0.635499
0.642735
0.622216
0.621372
0.650986
0.651692
0.621461
0.641583
0.633174
0.637185
0.620828
0.636549
0.642526
0.657948
0.654924
0.630196
0.6487
0.635997
0.646009
0.64828
0.657327
0.623577
0.636991
0.640518
0.639914
0.637557
0.630475
0.657723
0.623464
0.631688
0.649969
0.638963
0.654423
0.652186
0.640335
0.64541
0.643878
0.641795
0.626993
0.657052
0.65898
0.627822
0.633601
0.641506
0.62577
0.628525
0.651703
0.65447
0.644522
0.637712
0.64275
0.641849
0.641289
0.659741
0.622367
0.621203
0.637298
0.632842
0.658926
0.640762
0.64453
0.648895
0.659724
0.638954
0.641081
0.640059
0.624363
0.624959
0.621855
0.631357
0.622011
0.620835
0.639178
0.635612
0.642341
0.644948
0.644136
0.634044
0.639418
0.628658
0.651755
0.622169
0.650507
0.633044
0.62191
0.652874
0.634246
0.639208
0.625716
0.633172
0.65997
0.650246
0.622067
0.659694
0.629199
0.643148
0.639753
0.633563
0.648107
0.641608
0.64492
0.650117
0.642442
0.624098
0.625729
0.624783
0.649046
0.649865
0.638827
0.628464
0.658524
0.630582
0.630633
0.649031
0.643626
0.632542
0.641905
0.657872
0.65175
0.64762
0.631045
0.65172
0.637866
0.633112
0.651414
0.647065
0.65626
0.631167
0.620628
0.644367
0.652775
0.645547
0.634485
0.635217
0.649645
0.640214
0.640001
0.638691
0.630079
0.658828
0.647155
0.628603
0.62941
0.657788
0.657633
0.653036
0.63033
0.639538
0.650908
0.62208
0.627158
0.621953
0.6538
0.645024
0.635065
0.645214
0.632089
0.631326
0.656381
0.632717
0.655693
0.649156
0.658264
0.630177
0.624373
0.64791
0.650391
0.644374
0.626601
0.62047
0.643202
0.653756
0.629072
0.652612
0.651544
0.626706
0.645648
0.621874
0.646244
0.636556
0.623954
0.653402
0.638509
0.657755
0.638426
0.653574
0.642969
0.650515
0.6249
0.63935
0.623232
0.620592
0.628506
0.621496
0.63077
0.632879
0.649406
0.62116
0.657254
0.656007
0.62163
0.640455
0.649762
0.630703
0.633067
0.641306
0.637409
0.658715
0.64318
0.623653
0.63527
0.647134
0.657055
0.653779
0.644889
0.63548
0.647353
0.627857
0.625995
0.652253
0.647207
0.629227
0.652845
0.655713
0.630723
0.623615
0.628592
0.620129
0.624775
0.625845
0.656136
0.626405
0.646301
0.645898
0.637108
0.659368
0.627204
0.654517
0.658083
0.650384
0.658169
0.633353
0.637518
0.655224
0.627133
0.622406
0.630704
0.654486
0.630263
0.6367
0.646739
0.65747
0.645927
0.639584
0.653183
0.65665
0.643199
0.621775
0.656779
0.647974
0.62762
0.652915
0.654379
0.653921
0.638813
0.631487
0.653289
0.646017
0.626004
0.651372
0.6364
0.624173
0.624725
0.653918
0.659397
0.631858
0.656324
0.630101
0.626343
0.626588
0.646801
0.653082
0.624058
0.632728
0.632666
0.657241
0.629378
0.655865
0.659015
0.626157
0.643839
0.626635
0.659072
0.638218
0.620556
0.637885
0.649705
0.653845
0.623902
0.655709
0.645217
0.640302
0.659882
0.649942
0.63422
0.659279
0.6218
0.630545
0.629381
0.628143
0.637132
0.656182
0.621225
0.64119
0.628909
0.633891
0.638431
0.638287
0.629756
0.637446
0.644444
0.653595
0.644081
0.643516
0.631812
0.644637
0.621401
0.621517
0.638483
0.625302
0.657226
0.6237
0.645605
0.657108
0.653642
0.659825
0.656387
0.655441
0.630369
0.625768
0.623584
0.647502
0.62195
0.62481
0.628692
0.630859
0.638701
0.647123
0.649146
0.648457
0.624569
0.633589
0.642052
0.64865
0.657105
0.653864
0.633287
0.658505
0.655382
0.65177
0.623808
0.652608
0.655469
0.649412
0.649716
0.649111
0.649237
0.646104
0.644552
0.659607
0.651872
0.648137
0.647108
0.653821
0.652946
0.6558
0.62468
0.631648
0.642923
0.653825
0.620105
0.647492
0.627415
0.642157
0.636142
0.62452
0.636021
0.649429
0.623025
0.631403
0.641199
0.626833
0.624011
0.636668
0.656245
0.653727
0.625779
0.645482
0.639831
0.650332
0.645089
0.631702
0.638468
0.632197
0.625523
0.631415
0.627998
0.630203
0.643062
0.650921
0.624028
0.643167
0.638412
0.631443
0.625324
0.654554
0.635962
0.641345
0.643983
0.638987
0.652749
0.625182
0.64582
0.65676
0.64185
0.642065
0.650487
0.647629
0.627547
0.630318
0.637961
0.652636
0.64202
0.656429
0.624833
0.647543
0.627844
0.632831
0.657746
0.650906
0.623752
0.621774
0.634073
0.642164
0.633217
0.639397
0.636718
0.64918
0.620742
0.620701
0.628167
0.653491
0.625882
0.653988
0.650251
0.647732
0.636053
0.640737
0.635362
0.6436
0.651055
0.653322
0.636237
0.633075
0.649752
0.64107
0.620618
0.657595
0.653901
0.658364
0.648501
0.657652
0.620138
0.622574
0.639816
0.633356
0.64197
0.656534
0.622536
0.642713
0.657235
0.630703
0.636204
0.623117
0.624691
0.626454
0.65085
0.640744
0.647192
0.626212
0.624344
0.638246
0.659534
0.640581
0.651321
0.649286
0.621651
0.651939
0.646881
0.655552
0.650303
0.635382
0.653204
0.650441
0.637955
0.633021
0.623797
0.659926
0.629555
0.626333
0.642638
0.62679
0.637036
0.658842
0.629907
0.641727
0.625296
0.620757
0.62247
0.652488
0.626969
0.626815
0.630734
0.626503
0.647396
0.622055
0.655788
0.649047
0.653994
0.642669
0.644599
0.644297
0.658051
0.637803
0.634738
0.636006
0.650824
0.638535
0.635932
0.620379
0.644868
0.65857
0.627169
0.621904
0.657412
0.637076
0.64363
0.622708
0.637833
0.646101
0.655195
0.644802
0.652915
0.625929
0.651305
0.640311
0.627985
0.647094
0.629358
0.621979
0.629763
0.653956
0.646276
0.627813
0.63176
0.621014
0.643819
0.622584
0.639549
0.659751
0.622962
0.624417
0.658321
0.630131
0.626321
0.655733
0.647207
0.649951
0.658441
0.625041
0.636051
0.653636
0.649843
0.628967
0.659565
0.641148
0.649278
0.62755
0.628242
0.658635
0.629529
0.638005
0.652592
0.655805
0.645818
0.624351
0.656819
0.629637
0.626935
0.636369
0.629388
0.629897
0.640786
0.627709
0.640028
0.647106
0.623442
0.627235
0.637057
0.621883
0.632276
0.653108
0.655519
0.622119
0.622075
0.655084
0.643267
0.651352
0.622634
0.651509
0.649988
0.632163
0.629514
0.642579
0.627968
0.655332
0.646931
0.624787
0.624969
0.653866
0.641156
0.634358
0.623763
0.621941
0.642067
0.643791
0.649047
0.645509
0.651027
0.626104
0.647392
0.623303
0.659213
0.642911
0.625422
0.621287
0.637994
0.648689
0.65264
0.640629
0.640198
0.642627
0.652792
0.649712
0.625207
0.62076
0.645044
0.652137
0.625547
0.650013
0.646003
0.646702
0.624371
0.649766
0.648644
0.646439
0.633557
0.637691
0.631948
0.624584
0.643796
0.65934
0.627886
0.643008
0.64225
0.633308
0.644295
0.620245
0.621997
0.636935
0.640873
0.642196
0.659562
0.633665
0.631908
0.624769
0.634424
0.656952
0.656906
0.639971
0.646965
0.642909
0.626673
0.651337
0.632675
0.655317
0.637775
0.646233
0.633008
0.649723
0.650816
0.656804
0.649063
0.658703
0.639812
0.631313
0.632011
0.624107
0.631558
0.634008
0.641042
0.652432
0.656204
0.640605
0.626097
0.628111
0.645374
0.640521
0.625063
0.64228
0.620492
0.652028
0.625189
0.627166
0.643365
0.637865
0.622483
0.62114
0.624097
0.635491
0.650863
0.654914
0.632295
0.639926
0.653616
0.652107
0.651239
0.625627
0.656214
0.622798
0.639636
0.637256
0.655229
0.63584
0.657861
0.621326
0.643951
0.643235
0.641847
0.649014
0.625515
0.642339
0.641042
0.630704
0.649504
0.624407
0.648569
0.651987
0.625547
0.652667
0.627478
0.65641
0.64758
0.639773
0.636337
0.641197
0.631879
0.627576
0.646824
0.628093
0.630374
0.62646
0.645349
0.625603
0.642299
0.64321
0.626929
0.62625
0.626445
0.648776
0.655264
0.63196
0.631115
0.636307
0.642665
0.620619
0.640714
0.631234
0.652606
0.646262
0.623901
0.620085
0.642672
0.651481
0.639857
0.659009
0.632678
0.651736
0.626585
0.659502
0.659829
0.636958
0.625962
0.645179
0.642562
0.648261
0.628389
0.649491
0.654511
0.634835
0.638267
0.649776
0.646795
0.649382
0.626082
0.62946
0.650001
0.646797
0.640694
0.642608
0.633058
0.644594
0.642692
0.65573
0.636075
0.622549
0.654739
0.648753
0.654286
0.621324
0.648255
0.654115
0.638282
0.654217
0.639294
0.620844
0.642478
0.647683
0.650335
0.636989
0.622518
0.628601
0.626764
0.649313
0.657983
0.632847
0.658772
0.647984
0.659644
0.639466
0.630592
0.632702
0.62406
0.653284
0.628432
0.640136
0.655833
0.623171
0.628889
0.650119
0.624495
0.657144
0.644234
0.642777
0.651361
0.623528
0.643621
0.633839
0.651211
0.633955
0.650827
0.653729
0.642557
0.657592
0.643042
0.64054
0.630439
0.641814
0.628524
0.630082
0.62128
0.639115
0.642784
0.62534
0.632399
0.651216
0.645476
0.628232
0.654387
0.654365
0.658351
0.658882
0.651509
0.642585
0.641659
0.64287
0.646113
0.62528
0.656709
0.637325
0.639235
0.647536
0.631054
0.621792
0.645128
0.654096
0.642331
0.655566
0.63591
0.650855
0.625648
0.63719
0.629971
0.648432
0.642531
0.64237
0.639649
0.628007
0.650602
0.634036
0.622372
0.648954
0.632918
0.653881
0.631539
0.654578
0.636751
0.657652
0.659858
0.63346
0.634977
0.639093
0.620996
0.64603
0.640885
0.646124
0.640126
0.623216
0.64169
0.656036
0.654071
0.647338
0.633226
0.624042
0.63577
0.655756
0.646412
0.655419
0.623763
0.637014
0.629455
0.626135
0.625968
0.642373
0.620016
0.637507
0.636951
0.636768
0.635159
0.636809
0.650228
0.650135
0.655902
0.651224
0.636165
0.636786
0.637347
0.656291
0.640003
0.659037
0.652327
0.634074
0.646375
0.625553
0.638116
0.622146
0.621309
0.624528
0.657565
0.625072
0.641543
0.62702
0.631208
0.647511
0.649393
0.631224
0.625017
0.626344
0.647991
0.640176
0.643153
0.638219
0.630311
0.639055
0.629443
0.646477
0.655841
0.64679
0.642768
0.635844
0.645828
0.635095
0.649918
0.632203
0.640648
0.628034
0.634349
0.641958
0.632562
0.631914
0.64703
0.654105
0.638934
0.658238
0.641616
0.628327
0.629461
0.646633
0.634671
0.657453
0.626809
0.657824
0.635672
0.63712
0.636879
0.645115
0.623597
0.63272
0.631905
0.646364
0.648564
0.657733
0.62146
0.638481
0.629936
0.642108
0.646515
0.644285
0.624065
0.659077
0.656199
0.651095
0.653182
0.635133
0.649333
0.634798
0.64346
0.658794
0.621431
0.658131
0.656247
0.62824
0.655955
0.631918
0.64536
0.632834
0.657033
0.648956
0.645554
0.628938
0.635321
0.634118
0.62667
0.63678
0.652599
0.636606
0.658888
0.639114
0.620891
0.622953
0.638192
0.65709
0.654048
0.631374
0.632222
0.643381
0.646172
0.655682
0.642175
0.647603
0.653813
0.638421
0.655842
0.649768
0.65034
0.641202
0.622603
0.647372
0.630158
0.648157
0.65631
0.645478
0.622275
0.62298
0.622258
0.654874
0.639586
0.621146
0.633989
0.640477
0.624099
0.65218
0.637567
0.658147
0.623555
0.649789
0.641528
0.649727
0.645471
0.623703
0.637329
0.639284
0.642124
0.633171
0.629053
0.632464
0.654373
0.631655
0.659836
0.624531
0.659812
0.656146
0.650009
0.622087
0.659127
0.652268
0.656961
0.638713
0.653414
0.630949
0.65919
0.657513
0.62313
0.636757
0.65566
0.626684
0.626546
0.637189
0.656411
0.652018
0.640892
0.63374
0.631302
0.623016
0.646911
0.640354
0.63548
0.641284
0.65201
0.635317
0.645815
0.651821
0.631463
0.635825
0.653908
0.63059
0.628092
0.650869
0.649303
0.621506
0.621818
0.648493
0.659019
0.624948
0.62525
0.65468
0.631632
0.631796
0.631868
0.628043
0.623814
0.65276
0.641783
0.635116
0.655776
0.628694
0.65547
0.631256
0.649978
0.64748
0.646573
0.635794
0.639301
0.658036
0.651618
0.633209
0.628626
0.659711
0.624078
0.657928
0.621217
0.625896
0.646421
0.620236
0.630844
0.651671
0.654916
0.642476
0.623467
0.666784
0.690519
0.66728
0.699544
0.672301
0.682396
0.69532
0.680995
0.677866
0.666576
0.670973
0.665345
0.693149
0.686767
0.684647
0.691185
0.678385
0.697856
0.69981
0.678096
0.661934
0.697738
0.679313
0.66783
0.684159
0.67955
0.678674
0.67583
0.674466
0.66115
0.679297
0.68125
0.691669
0.686578
0.680794
0.66397
0.668974
0.676115
0.684965
0.686839
0.682691
0.695939
0.692185
0.67584
0.682706
0.676831
0.667024
0.661091
0.674687
0.666834
0.679188
0.676621
0.664573
0.698501
0.684451
0.688732
0.67805
0.663125
0.664562
0.692516
0.664276
0.683859
0.673766
0.695945
0.670437
0.694561
0.699915
0.67941
0.670675
0.68488
0.66625
0.693366
0.680819
0.698435
0.669206
0.663525
0.675266
0.67623
0.664617
0.689953
0.683064
0.683804
0.666574
0.687637
0.682305
0.691026
0.676369
0.660355
0.694151
0.680931
0.692871
0.698427
0.66479
0.666637
0.694371
0.675227
0.661198
0.694286
0.694637
0.671873
0.679167
0.660887
0.665239
0.699986
0.699322
0.674445
0.663511
0.674588
0.690674
0.668128
0.664541
0.673739
0.691932
0.671116
0.661375
0.674237
0.662141
0.677744
0.674592
0.696292
0.698675
0.667463
0.694719
0.663465
0.6741
0.68909
0.678692
0.675298
0.683377
0.673329
0.687171
0.662544
0.674215
0.692411
0.66253
0.673537
0.666855
0.666041
0.688125
0.69753
0.674169
0.692666
0.671268
0.666101
0.663782
0.672644
0.680337
0.665923
0.690388
0.694929
0.662215
0.689062
0.662392
0.696935
0.692527
0.676492
0.686025
0.671219
0.691791
0.669402
0.684547
0.678962
0.671946
0.698763
0.671373
0.674475
0.6723
0.678228
0.680516
0.660425
0.675758
0.694685
0.693091
0.687026
0.660786
0.696872
0.69967
0.681123
0.662796
0.690058
0.676052
0.665011
0.67912
0.678444
0.661946
0.671647
0.694936
0.687971
0.682866
0.686727
0.697372
0.667413
0.665689
0.669318
0.666176
0.677062
0.683793
0.678476
0.69529
0.66431
0.6789
0.671048
0.698995
0.671991
0.698074
0.69978
0.668863
0.697744
0.680904
0.671659
0.687802
0.696956
0.67667
0.666921
0.6754
0.678616
0.678568
0.670337
0.666586
0.661434
0.697064
0.663959
0.668847
0.662753
0.673277
0.675023
0.679814
0.69707
0.693498
0.675104
0.661379
0.672398
0.686151
0.660374
0.684389
0.684225
0.660154
0.693253
0.68197
0.681058
0.664912
0.669771
0.678014
0.681582
0.676693
0.693414
0.660198
0.695261
0.66375
0.666784
0.696695
0.660814
0.670742
0.665542
0.663566
0.684019
0.680564
0.683381
0.681089
0.674062
0.698484
0.682468
0.686461
0.684636
0.682843
0.67085
0.668861
0.682997
0.664103
0.690831
0.664055
0.669015
0.660602
0.682069
0.690597
0.677295
0.675483
0.690794
0.672555
0.679233
0.697578
0.66925
0.680047
0.66832
0.674792
0.683613
0.69234
0.695356
0.666994
0.673428
0.669418
0.665478
0.695897
0.695879
0.690114
0.67874
0.666729
0.698976
0.661737
0.670832
0.689807
0.665792
0.679847
0.690409
0.687861
0.670444
0.667703
0.663343
0.661239
0.680259
0.682576
0.698817
0.689509
0.662623
0.667137
0.664301
0.686237
0.699477
0.699657
0.693231
0.672905
0.669075
0.698709
0.668802
0.664954
0.688823
0.687542
0.671683
0.687799
0.689278
0.682515
0.677606
0.69507
0.662362
0.668015
0.68293
0.672806
0.675719
0.686274
0.674044
0.695977
0.66885
0.672861
0.685486
0.671473
0.679998
0.689787
0.69771
0.679475
0.689444
0.69094
0.69238
0.698518
0.689649
0.661182
0.663472
0.678473
0.688724
0.675154
0.666272
0.678002
0.697669
0.683878
0.673072
0.660031
0.691893
0.696003
0.672837
0.667612
0.682276
0.686881
0.66359
0.691126
0.699742
0.689076
0.662599
0.67974
0.678863
0.660309
0.699215
0.668307
0.691249
0.691595
0.666825
0.680898
0.692777
0.670297
0.699371
0.681501
0.685451
0.665643
0.699504
0.68312
0.689521
0.672576
0.683151
0.681414
0.668578
0.695987
0.689027
0.690855
0.682868
0.692616
0.681981
0.68261
0.681692
0.68458
0.66235
0.660555
0.684888
0.661565
0.668862
0.676137
0.693161
0.675687
0.697035
0.685938
0.685984
0.696406
0.667439
0.671435
0.662048
0.666943
0.694556
0.691569
0.679519
0.677707
0.672984
0.688097
0.673694
0.66201
0.678952
0.696562
0.694626
0.660933
0.679173
0.676318
0.685513
0.681523
0.676874
0.670401
0.683088
0.685736
0.686538
0.676249
0.661423
0.683574
0.662187
0.687407
0.679979
0.669626
0.698842
0.682028
0.67657
0.693398
0.673597
0.696089
0.671105
0.68658
0.684186
0.684799
0.688591
0.663138
0.681361
0.683217
0.664071
0.660534
0.699535
0.689584
0.682057
0.676409
0.699985
0.665145
0.662145
0.686524
0.681394
0.663567
0.670097
0.683581
0.690974
0.690076
0.693207
0.689817
0.672104
0.669777
0.683215
0.685701
0.665866
0.694319
0.672281
0.690052
0.679118
0.660872
0.69319
0.660479
0.684089
0.697261
0.661012
0.683624
0.686845
0.683069
0.660033
0.686831
0.688214
0.662177
0.673354
0.669608
0.665745
0.683452
0.693189
0.696719
0.673528
0.686396
0.686536
0.685632
0.696173
0.66975
0.671333
0.662039
0.664069
0.683614
0.69209
0.683187
0.684486
0.685281
0.683666
0.668575
0.682542
0.684678
0.692199
0.669387
0.667747
0.692232
0.696218
0.695961
0.694409
0.669572
0.665569
0.660154
0.693024
0.698758
0.696873
0.666552
0.685154
0.683409
0.692184
0.681327
0.69316
0.663517
0.683365
0.697229
0.687131
0.675456
0.680416
0.671617
0.660736
0.664082
0.680192
0.683278
0.68876
0.672391
0.692666
0.696507
0.664623
0.688884
0.692468
0.699032
0.698456
0.698037
0.699187
0.69148
0.696795
0.69606
0.698032
0.681948
0.679469
0.690216
0.663275
0.672629
0.693732
0.68664
0.669858
0.680863
0.662096
0.690274
0.69248
0.662832
0.694356
0.672672
0.686111
0.683116
0.685063
0.678777
0.679623
0.689686
0.66766
0.672092
0.688718
0.666117
0.670129
0.687905
0.697597
0.666924
0.683965
0.695629
0.688872
0.663434
0.685845
0.692147
0.676063
0.679577
0.678787
0.685921
0.66044
0.680883
0.676195
0.692921
0.683715
0.67055
0.665593
0.669826
0.693666
0.690655
0.688603
0.67329
0.680341
0.696263
0.685381
0.669059
0.66238
0.69551
0.696964
0.699976
0.662433
0.680929
0.695605
0.691305
0.684363
0.68145
0.683452
0.660426
0.661027
0.662239
0.686346
0.661467
0.683122
0.662541
0.694387
0.666837
0.673091
0.69998
0.676664
0.666758
0.690635
0.665266
0.680047
0.670977
0.661529
0.665428
0.680036
0.663909
0.660938
0.677
0.663885
0.663372
0.697928
0.699491
0.694677
0.682291
0.68094
0.678129
0.682717
0.681967
0.680368
0.669063
0.683434
0.66349
0.671604
0.677821
0.670328
0.684695
0.677801
0.686991
0.691453
0.668437
0.692258
0.6715
0.679413
0.693787
0.676928
0.699449
0.697696
0.677866
0.676449
0.661581
0.681238
0.674378
0.661071
0.675915
0.696669
0.682012
0.694044
0.679386
0.663979
0.674412
0.688449
0.687412
0.677903
0.660053
0.665234
0.68823
0.684748
0.683035
0.675222
0.676202
0.691472
0.667479
0.687702
0.670885
0.661266
0.66463
0.670335
0.698961
0.682497
0.686784
0.660542
0.663735
0.661162
0.661614
0.67965
0.69783
0.683625
0.673694
0.677216
0.687604
0.688106
0.665665
0.675016
0.666008
0.665718
0.68025
0.694239
0.690466
0.663285
0.66946
0.666668
0.694757
0.67694
0.69437
0.665642
0.678206
0.699
0.675977
0.677167
0.681496
0.662761
0.67771
0.685231
0.663922
0.679323
0.664881
0.661753
0.662949
0.678574
0.678969
0.690552
0.66668
0.684634
0.665569
0.672688
0.690352
0.685819
0.666927
0.680818
0.689103
0.676387
0.687486
0.68386
0.693327
0.681856
0.689502
0.671533
0.680855
0.665479
0.6887
0.662352
0.66824
0.66641
0.687583
0.672162
0.685733
0.692463
0.673915
0.688682
0.671037
0.692883
0.679234
0.677717
0.677517
0.684803
0.690405
0.667869
0.670622
0.697332
0.688687
0.699725
0.67372
0.676173
0.683585
0.667047
0.698029
0.673087
0.67858
0.678884
0.678566
0.667281
0.681236
0.686806
0.67369
0.668818
0.698968
0.699424
0.661282
0.672883
0.688106
0.672319
0.665766
0.66734
0.690036
0.683283
0.692143
0.680442
0.691152
0.662765
0.677774
0.679839
0.66249
0.691494
0.696012
0.686075
0.698541
0.69404
0.699162
0.677121
0.672924
0.677728
0.684402
0.69416
0.664535
0.698092
0.662978
0.663503
0.697516
0.66426
0.676385
0.685622
0.676579
0.682152
0.692962
0.666615
0.665435
0.685105
0.687056
0.696587
0.687869
0.66483
0.676426
0.690359
0.696324
0.672438
0.676433
0.694865
0.666478
0.675596
0.671987
0.679402
0.693324
0.696388
0.673562
0.697858
0.694481
0.676541
0.661361
0.691997
0.6808
0.677746
0.677618
0.697379
0.699898
0.67058
0.663994
0.665333
0.695685
0.69105
0.66192
0.683554
0.69588
0.678346
0.673913
0.692205
0.690784
0.690346
0.68707
0.697262
0.665942
0.699056
0.676664
0.699265
0.695445
0.690227
0.697124
0.689925
0.666767
0.698485
0.681922
0.687568
0.676231
0.69954
0.684947
0.67613
0.67012
0.688941
0.681463
0.665805
0.679991
0.683383
0.689359
0.675871
0.661729
0.663271
0.668076
0.692513
0.693617
0.695146
0.689775
0.699559
0.694202
0.666439
0.698824
0.689647
0.696666
0.695948
0.679572
0.663433
0.694433
0.661494
0.691001
0.670665
0.661034
0.675948
0.686794
0.671154
0.664889
0.668257
0.676959
0.68488
0.69164
0.666318
0.660751
0.693368
0.669589
0.668827
0.685881
0.663207
0.663973
0.675656
0.662766
0.698175
0.682095
0.66159
0.687821
0.678761
0.697538
0.667393
0.682195
0.691972
0.668887
0.673196
0.662636
0.669921
0.689144
0.689431
0.681076
0.694032
0.697688
0.698035
0.678912
0.689327
0.664353
0.679663
0.682696
0.673942
0.68849
0.668577
0.677149
0.692462
0.684233
0.679914
0.690637
0.666329
0.681504
0.678458
0.68509
0.679042
0.685852
0.667285
0.671014
0.694739
0.68048
0.67365
0.66466
0.669624
0.663081
0.685736
0.663656
0.660769
0.683771
0.682568
0.690096
0.688124
0.662231
0.672791
0.662066
0.690721
0.681368
0.679215
0.683183
0.665601
0.699129
0.67382
0.67193
0.680633
0.692279
0.69702
0.699676
0.67813
0.664305
0.67069
0.672869
0.684785
0.68434
0.67753
0.694409
0.687422
0.663266
0.698065
0.68819
0.687037
0.680633
0.678286
0.67516
0.682864
0.691077
0.677226
0.673584
0.672446
0.696441
0.696767
0.678047
0.69557
0.670587
0.689977
0.676204
0.662866
0.686997
0.67588
0.680996
0.691301
0.68657
0.693865
0.676086
0.67091
0.671395
0.670495
0.698332
0.674661
0.66856
0.686522
0.661697
0.689192
0.664808
0.676858
0.672056
0.695885
0.694084
0.68564
0.668331
0.690525
0.682407
0.686378
0.686096
0.692994
0.676355
0.6623
0.69586
0.663352
0.67818
0.676856
0.694653
0.664749
0.670721
0.670739
0.67566
0.682116
0.681234
0.673991
0.696777
0.689794
0.660513
0.698474
0.678986
0.665321
0.675331
0.691042
0.661207
0.669416
0.676682
0.669538
0.699941
0.699089
0.695916
0.686037
0.692083
0.672271
0.688337
0.687943
0.675623
0.666516
0.664799
0.670276
0.671266
0.675519
0.681015
0.686925
0.697635
0.662249
0.660917
0.694412
0.692043
0.66143
0.692886
0.671029
0.666751
0.668217
0.662071
0.667958
0.677633
0.678753
0.677496
0.677574
0.677842
0.673411
0.66361
0.669925
0.685682
0.691947
0.697868
0.661305
0.698464
0.662666
0.671581
0.66973
0.678186
0.692596
0.696655
0.675821
0.694845
0.697572
0.670233
0.686887
0.699002
0.663119
0.697916
0.665753
0.671336
0.699986
0.673711
0.688968
0.678739
0.691206
0.666542
0.696581
0.664618
0.670152
0.666506
0.6903
0.6621
0.664374
0.691605
0.660563
0.66704
0.663186
0.670293
0.685226
0.695781
0.666948
0.661047
0.690626
0.66452
0.671281
0.677513
0.663522
0.674399
0.675429
0.669274
0.685735
0.675415
0.682985
0.674703
0.694154
0.674191
0.681245
0.690735
0.678808
0.691397
0.697241
0.669108
0.693497
0.661615
0.660713
0.69406
0.668655
0.663899
0.664353
0.693881
0.69968
0.671301
0.694929
0.690306
0.675821
0.666209
0.667819
0.679343
0.680609
0.683248
0.688617
0.666344
0.698663
0.671602
0.681047
0.692817
0.685792
0.662292
0.683552
0.664601
0.693689
0.680793
0.673709
0.687186
0.682408
0.674423
0.681246
0.691063
0.678322
0.685599
0.684944
0.678002
0.6969
0.679873
0.668308
0.672721
0.686082
0.676128
0.692064
0.666691
0.699375
0.680681
0.673034
0.698038
0.692283
0.694081
0.690855
0.678075
0.696373
0.674408
0.682676
0.690062
0.695201
0.696386
0.677248
0.677609
0.670808
0.698494
0.668672
0.68913
0.684093
0.693616
0.667133
0.680993
0.673488
0.675441
0.693714
0.69957
0.691569
0.685778
0.666261
0.690944
0.666459
0.679295
0.688982
0.698742
0.673377
0.679838
0.676817
0.66975
0.694246
0.699493
0.699812
0.689446
0.695879
0.67706
0.667055
0.666687
0.675554
0.675727
0.695817
0.699646
0.669342
0.66295
0.680639
0.682831
0.678391
0.674353
0.682401
0.66996
0.660131
0.688662
0.660904
0.666591
0.667957
0.689886
0.665333
0.681334
0.669724
0.68215
0.691084
0.66397
0.681643
0.690896
0.693416
0.677522
0.667955
0.660472
0.684209
0.683509
0.676198
0.680026
0.683155
0.685541
0.682976
0.663794
0.668371
0.661367
0.678147
0.690772
0.671327
0.678278
0.679434
0.672231
0.684869
0.687391
0.662117
0.690201
0.668725
0.671841
0.672351
0.699809
0.675811
0.693994
0.690705
0.669228
0.671516
0.69866
0.669699
0.695725
0.682169
0.685897
0.675751
0.665324
0.671438
0.698727
0.669118
0.679809
0.660095
0.687265
0.670581
0.671422
0.665543
0.690015
0.683652
0.690412
0.677406
0.68577
0.680613
0.686131
0.697611
0.692964
0.68594
0.673422
0.686958
0.676645
0.68265
0.698474
0.675305
0.692349
0.694199
0.697474
0.678246
0.66995
0.662798
0.689684
0.668677
0.671916
0.669493
0.668772
0.699181
0.680074
0.680194
0.664725
0.670089
0.663846
0.695137
0.687495
0.689616
0.67575
0.673627
0.687227
0.668714
0.699567
0.660649
0.695673
0.676212
0.683298
0.694147
0.691517
0.675647
0.688346
0.688991
0.693893
0.698296
0.69179
0.683577
0.666973
0.663706
0.69307
0.675745
0.662888
0.673144
0.695939
0.667612
0.683233
0.699785
0.662749
0.670728
0.689401
0.678499
0.684354
0.676628
0.687213
0.683921
0.677277
0.682886
0.660133
0.660575
0.677033
0.69165
0.676222
0.665379
0.680642
0.670115
0.663675
0.672432
0.693692
0.670648
0.676138
0.686762
0.686393
0.679026
0.699906
0.682332
0.686638
0.683139
0.682118
0.689387
0.693867
0.671519
0.667886
0.678221
0.688147
0.6951
0.662142
0.665423
0.677986
0.662275
0.665999
0.695019
0.693926
0.682221
0.660398
0.674568
0.692336
0.664072
0.686999
0.686029
0.67472
0.663137
0.672791
0.661113
0.682163
0.672697
0.683445
0.668801
0.695836
0.665563
0.698188
0.689703
0.677082
0.666075
0.667923
0.665229
0.661175
0.670065
0.670652
0.679161
0.672341
0.676651
0.67418
0.666266
0.698871
0.674578
0.680834
0.691207
0.67865
0.667833
0.677236
0.69337
0.67097
0.690027
0.694484
0.693133
0.662724
0.677929
0.661934
0.69856
0.683492
0.660122
0.688263
0.660574
0.666197
0.696186
0.665803
0.667371
0.666252
0.676455
0.686532
0.678592
0.693105
0.660712
0.684859
0.691977
0.675289
0.665693
0.683184
0.693939
0.673526
0.66042
0.68731
0.684497
0.690447
0.681793
0.67763
0.693172
0.699723
0.679564
0.691732
0.683215
0.679686
0.679995
0.683789
0.685882
0.676182
0.689591
0.693254
0.682433
0.666046
0.679785
0.661026
0.699151
0.680497
0.685885
0.691128
0.695786
0.691577
0.674312
0.689725
0.665104
0.674732
0.677035
0.6896
0.665179
0.698828
0.66723
0.698351
0.698551
0.686793
0.690083
0.681766
0.666479
0.670078
0.665554
0.692361
0.68626
0.695146
0.685615
0.668693
0.661192
0.6654
0.669719
0.660343
0.685897
0.695603
0.691471
0.681683
0.687181
0.665782
0.671409
0.692285
0.680514
0.688444
0.681885
0.685694
0.687272
0.689115
0.684045
0.685823
0.675908
0.674128
0.667589
0.682387
0.684206
0.673143
0.674748
0.670466
0.668289
0.660363
0.679159
0.66948
0.665763
0.688878
0.669823
0.691661
0.684482
0.661294
0.673344
0.671663
0.667076
0.684752
0.663947
0.687591
0.673196
0.685832
0.673284
0.660468
0.674947
0.697329
0.686291
0.690854
0.671457
0.693879
0.673241
0.695663
0.667022
0.68799
0.666129
0.675311
0.688353
0.685289
0.684791
0.694116
0.674167
0.694614
0.685777
0.698649
0.695908
0.69912
0.670312
0.662985
0.683872
0.674259
0.690576
0.697068
0.660091
0.66386
0.697536
0.675037
0.661189
0.683827
0.665892
0.672645
0.677706
0.679133
0.668308
0.684728
0.667123
0.674437
0.660038
0.695475
0.699726
0.684829
0.689591
0.673893
0.679444
0.675368
0.672542
0.675352
0.674488
0.682853
0.678337
0.698361
0.697112
0.668913
0.695429
0.697203
0.672772
0.692965
0.67224
0.673961
0.676791
0.678132
0.686606
0.694497
0.697266
0.694915
0.679225
0.664388
0.669352
0.679263
0.699864
0.669078
0.664092
0.689455
0.68297
0.683536
0.664823
0.695512
0.698888
0.679311
0.678365
0.677225
0.677672
0.675477
0.686138
0.673101
0.67268
0.69891
0.666066
0.68492
0.672871
0.682857
0.663053
0.699478
0.677354
0.660318
0.694392
0.696579
0.664707
0.663744
0.675842
0.664571
0.672821
0.679934
0.694026
0.695792
0.66347
0.698849
0.691304
0.662358
0.67816
0.669669
0.679584
0.695833
0.685146
0.665721
0.668934
0.697826
0.664632
0.674999
0.682747
0.677503
0.697857
0.685799
0.67698
0.675211
0.686118
0.671372
0.67179
0.690824
0.675116
0.687632
0.695395
0.687938
0.667566
0.689421
0.68373
0.671036
0.68827
0.675033
0.673394
0.66643
0.684703
0.692978
0.662263
0.669849
0.698699
0.671197
0.667675
0.663331
0.686196
0.690421
0.680833
0.684053
0.676221
0.697814
0.699264
0.662338
0.669186
0.671054
0.693163
0.684302
0.698685
0.688558
0.67224
0.666251
0.677979
0.69597
0.677287
0.666249
0.671003
0.690681
0.672679
0.695706
0.683659
0.674942
0.665554
0.682358
0.686139
0.673229
0.685689
0.672335
0.663651
0.666522
0.696388
0.679871
0.664336
0.695651
0.68221
0.673522
0.666705
0.675373
0.697824
0.665391
0.663931
0.670064
0.671642
0.681909
0.666034
0.688929
0.688158
0.677037
0.67961
0.660838
0.672743
0.663269
0.67578
0.678297
0.685628
0.661919
0.691526
0.671316
0.674254
0.695176
0.677839
0.670642
0.675048
0.682175
0.666293
0.697257
0.695697
0.672998
0.67263
0.693521
0.678389
0.676561
0.663586
0.690031
0.69847
0.66962
0.67896
0.686629
0.686656
0.69857
0.687466
0.699399
0.66184
0.663247
0.677696
0.687467
0.665166
0.669222
0.698784
0.67942
0.664398
0.676622
0.690062
0.679446
0.698797
0.696355
0.676703
0.694494
0.669354
0.689334
0.688015
0.687743
0.665894
0.691601
0.677774
0.664364
0.66122
0.696734
0.690993
0.687877
0.695304
0.678459
0.687276
0.697143
0.681706
0.664972
0.684611
0.686872
0.674193
0.683394
0.666292
0.678592
0.660016
0.696354
0.698037
0.698813
0.69271
0.674741
0.693307
0.662064
0.664074
0.681322
0.689807
0.669969
0.672923
0.66758
0.674333
0.674143
0.664314
0.665326
0.66202
0.699618
0.683786
0.689296
0.696761
0.665492
0.694267
0.681372
0.692364
0.668461
0.664766
0.698656
0.687052
0.664782
0.69501
0.68509
0.663596
0.68772
0.699831
0.696903
0.689784
0.663905
0.678226
0.679591
0.673874
0.691149
0.687171
0.688207
0.665292
0.691485
0.693533
0.667312
0.691103
0.677319
0.696608
0.687864
0.68281
0.690876
0.669236
0.675174
0.699336
0.674002
0.67383
0.686389
0.678784
0.668841
0.671479
0.68238
0.696561
0.671309
0.679283
0.686345
0.675215
0.697509
0.665935
0.689088
0.688657
0.693106
0.677295
0.69395
0.684591
0.670828
0.661262
0.675694
0.688147
0.69787
0.663558
0.670957
0.688745
0.672794
0.686131
0.688082
0.686796
0.739961
0.71447
0.70558
0.708802
0.725949
0.727959
0.705363
0.737258
0.707242
0.731708
0.712473
0.704751
0.737643
0.701561
0.733408
0.730749
0.718857
0.727358
0.71534
0.729685
0.72862
0.731035
0.717832
0.72649
0.734593
0.728789
0.715235
0.707386
0.71492
0.703317
0.734182
0.714881
0.717787
0.739761
0.723683
0.703736
0.727721
0.729046
0.700995
0.734963
0.720754
0.713468
0.739714
0.718397
0.715029
0.733122
0.709146
0.733886
0.72048
0.724486
0.72357
0.709099
0.715521
0.701402
0.735589
0.710113
0.730191
0.710824
0.7175
0.705111
0.714141
0.711682
0.719992
0.731928
0.711443
0.703676
0.735664
0.739164
0.732722
0.736659
0.734127
0.713475
0.710127
0.73384
0.731872
0.725156
0.726962
0.701017
0.719041
0.707442
0.725504
0.702612
0.716541
0.701025
0.704014
0.71213
0.711138
0.734205
0.722954
0.728638
0.739316
0.737095
0.700319
0.719308
0.729023
0.711762
0.722984
0.724687
0.710926
0.715705
0.721346
0.705053
0.729181
0.731473
0.738893
0.721052
0.716628
0.725855
0.72207
0.735669
0.733297
0.707574
0.738281
0.709839
0.708598
0.702295
0.721969
0.719736
0.7365
0.704923
0.708374
0.735815
0.702018
0.708693
0.715124
0.73104
0.720455
0.738107
0.715727
0.731381
0.713813
0.737073
0.736434
0.702994
0.728546
0.735327
0.724046
0.705174
0.721182
0.706116
0.700843
0.71448
0.713689
0.739124
0.724319
0.722288
0.701419
0.706287
0.702024
0.737919
0.71121
0.710397
0.733734
0.713228
0.71909
0.708858
0.704268
0.739545
0.706965
0.719995
0.730926
0.720778
0.717068
0.72736
0.723772
0.705614
0.722686
0.707818
0.710788
0.703869
0.713934
0.711631
0.718348
0.727623
0.710756
0.702667
0.709911
0.712175
0.708954
0.711934
0.710094
0.720165
0.722331
0.703828
0.733393
0.701421
0.712686
0.737661
0.700966
0.719651
0.717656
0.731892
0.70043
0.734725
0.719251
0.724201
0.700339
0.701938
0.732019
0.711127
0.705806
0.705953
0.722758
0.724155
0.733576
0.733513
0.726822
0.703486
0.705688
0.735776
0.71542
0.715782
0.715941
0.737752
0.71961
0.709334
0.739173
0.732296
0.706995
0.700139
0.711948
0.724651
0.73203
0.712377
0.719376
0.711281
0.736579
0.719715
0.713219
0.728598
0.730841
0.719025
0.73455
0.713599
0.70318
0.728126
0.707112
0.730002
0.731612
0.7128
0.725777
0.707032
0.728583
0.701718
0.704784
0.708193
0.711052
0.703956
0.700489
0.718046
0.704095
0.712437
0.702697
0.736125
0.724814
0.722073
0.707407
0.721393
0.701788
0.720626
0.70999
0.732629
0.739651
0.704541
0.706227
0.702831
0.732666
0.71334
0.732832
0.724278
0.72614
0.71861
0.73131
0.714723
0.720328
0.736094
0.722915
0.73138
0.70005
0.723405
0.709426
0.704145
0.735842
0.712123
0.700271
0.720656
0.734196
0.707677
0.702049
0.735984
0.728303
0.712039
0.728613
0.727954
0.71658
0.73484
0.730785
0.709246
0.70818
0.723617
0.733524
0.73432
0.702227
0.724834
0.709042
0.722555
0.720928
0.731958
0.713935
0.720978
0.715362
0.723361
0.725124
0.711204
0.735485
0.725394
0.73186
0.729681
0.733071
0.733908
0.725665
0.721374
0.705948
0.714278
0.709328
0.722527
0.709118
0.700113
0.731773
0.717298
0.72373
0.725297
0.711617
0.725957
0.710131
0.72066
0.708512
0.731059
0.712618
0.722448
0.712037
0.72798
0.705809
0.737161
0.739184
0.701294
0.722555
0.731044
0.730975
0.715626
0.724952
0.71664
0.737
0.7309
0.730917
0.706328
0.713427
0.700035
0.706441
0.705201
0.717333
0.730171
0.730498
0.72895
0.716128
0.700629
0.70961
0.72464
0.731688
0.722228
0.707088
0.703726
0.710208
0.712896
0.700886
0.709392
0.71419
0.723441
0.700436
0.705164
0.739068
0.725389
0.721804
0.736068
0.716289
0.712721
0.702396
0.729716
0.712757
0.708837
0.734917
0.730089
0.739007
0.725415
0.71904
0.715135
0.726044
0.72865
0.739775
0.717732
0.710878
0.706863
0.721457
0.721086
0.719759
0.722344
0.730478
0.733949
0.705785
0.730915
0.739113
0.704853
0.716304
0.720917
0.700921
0.732593
0.733639
0.703317
0.722309
0.706395
0.712154
0.717226
0.736485
0.711161
0.70264
0.715524
0.726296
0.728684
0.704174
0.726071
0.706416
0.715052
0.732934
0.727873
0.736137
0.712693
0.710217
0.726616
0.706642
0.716002
0.71753
0.705755
0.720855
0.733834
0.726673
0.721775
0.726427
0.720311
0.725092
0.708736
0.726707
0.737246
0.725961
0.723192
0.708407
0.728602
0.738716
0.734703
0.717286
0.70289
0.720774
0.723702
0.717942
0.713708
0.711575
0.714079
0.726401
0.721792
0.700695
0.733043
0.737793
0.718225
0.738798
0.718648
0.712059
0.72547
0.700423
0.738486
0.705782
0.725515
0.707222
0.732489
0.722761
0.733183
0.71568
0.731168
0.721785
0.714396
0.72587
0.739071
0.717286
0.706644
0.722773
0.735228
0.720352
0.734347
0.709307
0.706753
0.716139
0.710002
0.739796
0.713932
0.728227
0.738594
0.73258
0.700287
0.724064
0.733004
0.738773
0.729846
0.718519
0.705995
0.722335
0.70128
0.739178
0.738015
0.732448
0.720963
0.712411
0.718318
0.720034
0.729698
0.724963
0.702806
0.724926
0.705315
0.737154
0.734233
0.712068
0.713293
0.704235
0.711864
0.727225
0.732463
0.710458
0.719805
0.732749
0.734522
0.712809
0.731523
0.724367
0.731328
0.737518
0.706702
0.732609
0.736696
0.704717
0.725057
0.717659
0.717128
0.703375
0.737693
0.706826
0.728338
0.700499
0.731752
0.733653
0.737653
0.725985
0.705721
0.710946
0.73022
0.717585
0.73817
0.722682
0.728043
0.717976
0.715432
0.722564
0.730785
0.706954
0.706932
0.722113
0.704472
0.713634
0.714721
0.701168
0.718351
0.739778
0.718827
0.735479
0.703153
0.716519
0.702305
0.731491
0.717019
0.734057
0.725143
0.714672
0.720041
0.730864
0.725617
0.710261
0.70845
0.723787
0.732943
0.736492
0.701763
0.708375
0.719057
0.732548
0.71533
0.725989
0.71466
0.719802
0.739623
0.729382
0.72097
0.717974
0.72916
0.739796
0.713453
0.732313
0.716316
0.715758
0.723803
0.733334
0.709814
0.708947
0.708006
0.729856
0.739811
0.733623
0.700117
0.708261
0.71741
0.733061
0.704753
0.719173
0.701436
0.72381
0.711721
0.716766
0.709799
0.726381
0.736567
0.709421
0.715763
0.717537
0.727395
0.704923
0.717333
0.700848
0.737236
0.733649
0.716605
0.721039
0.726983
0.72642
0.729986
0.734989
0.716276
0.729797
0.728611
0.716393
0.738057
0.706021
0.709453
0.70281
0.725194
0.710889
0.72662
0.736915
0.727655
0.736418
0.723296
0.724222
0.70584
0.739059
0.701759
0.733235
0.703982
0.719092
0.734082
0.701218
0.712741
0.710688
0.722257
0.739724
0.737108
0.712243
0.734713
0.713384
0.702039
0.723324
0.729776
0.700096
0.729345
0.73923
0.702906
0.71454
0.710119
0.729526
0.711455
0.737773
0.725945
0.734751
0.721996
0.731784
0.73381
0.723755
0.725019
0.737792
0.702847
0.719101
0.73901
0.715588
0.729789
0.721267
0.715312
0.726897
0.73351
0.710025
0.700281
0.735549
0.733349
0.730057
0.735645
0.722694
0.729287
0.738552
0.737234
0.739405
0.728078
0.708689
0.737179
0.714023
0.70344
0.719174
0.705807
0.73725
0.702929
0.730826
0.735043
0.705776
0.709927
0.734053
0.721364
0.739716
0.71532
0.736676
0.726613
0.70883
0.706701
0.726894
0.704379
0.70005
0.716951
0.700025
0.722745
0.706237
0.738577
0.719979
0.705643
0.726655
0.728668
0.702821
0.700677
0.732108
0.721996
0.706484
0.729359
0.724925
0.73731
0.724402
0.730701
0.707238
0.718455
0.712065
0.706954
0.733775
0.708741
0.733568
0.702605
0.715442
0.720462
0.706984
0.715493
0.737413
0.707009
0.738237
0.70365
0.705586
0.718216
0.709293
0.73224
0.706885
0.712114
0.732918
0.738993
0.73411
0.739402
0.728352
0.719035
0.736713
0.712754
0.709735
0.70395
0.731209
0.7218
0.710904
0.724984
0.730541
0.704472
0.727589
0.705984
0.724934
0.734573
0.721476
0.722346
0.701582
0.719714
0.725996
0.707168
0.73793
0.735289
0.739408
0.704815
0.707403
0.732326
0.703808
0.701513
0.731728
0.73216
0.720548
0.728441
0.704914
0.730283
0.732391
0.736122
0.712084
0.703296
0.721106
0.702625
0.707768
0.708695
0.708609
0.732701
0.703268
0.730085
0.715048
0.70485
0.709799
0.701044
0.712018
0.707729
0.736333
0.711426
0.712544
0.703736
0.703752
0.716351
0.70525
0.73548
0.708512
0.725798
0.72392
0.713425
0.716081
0.716312
0.709548
0.728165
0.719607
0.730654
0.73079
0.727375
0.739349
0.739398
0.720076
0.702617
0.729483
0.735124
0.707467
0.739282
0.736168
0.719485
0.70701
0.732501
0.730911
0.719554
0.736238
0.734662
0.735905
0.701487
0.730142
0.704417
0.727285
0.714063
0.717842
0.703366
0.730374
0.72739
0.731531
0.709981
0.718044
0.722321
0.737356
0.717393
0.721719
0.717432
0.72001
0.711202
0.712556
0.727477
0.710483
0.708724
0.706962
0.717494
0.701225
0.737873
0.737047
0.737463
0.732535
0.732953
0.73895
0.722677
0.737369
0.726235
0.73674
0.715212
0.729602
0.727114
0.702602
0.721133
0.737095
0.720646
0.703453
0.734451
0.738038
0.725172
0.711883
0.718048
0.736374
0.724439
0.705525
0.706858
0.733162
0.712487
0.724351
0.734387
0.71036
0.721399
0.73185
0.702895
0.714351
0.7308
0.725573
0.711721
0.717035
0.722312
0.726932
0.706637
0.709426
0.729534
0.72777
0.706521
0.710179
0.731223
0.700972
0.708218
0.716395
0.712854
0.726266
0.712769
0.737293
0.731791
0.719627
0.730455
0.704279
0.703978
0.724843
0.714639
0.725377
0.716693
0.717534
0.739728
0.707493
0.703107
0.711449
0.724528
0.725419
0.738381
0.731165
0.734845
0.727915
0.718934
0.701366
0.738094
0.710157
0.702338
0.706312
0.726553
0.715192
0.732578
0.739322
0.712485
0.72437
0.718949
0.70294
0.728648
0.722927
0.727783
0.703287
0.708304
0.704475
0.720821
0.708032
0.711968
0.723928
0.719481
0.736496
0.709347
0.717862
0.727661
0.704192
0.705776
0.706595
0.705558
0.703871
0.716753
0.707895
0.710183
0.703305
0.723087
0.702761
0.702627
0.735572
0.72713
0.721576
0.738512
0.715779
0.704503
0.726295
0.719066
0.712807
0.73077
0.739887
0.720839
0.702738
0.723815
0.70032
0.739234
0.733162
0.718182
0.726895
0.737353
0.723958
0.73349
0.702911
0.727829
0.710243
0.710806
0.738011
0.713549
0.733893
0.700772
0.716176
0.729465
0.727902
0.737752
0.727977
0.703681
0.702256
0.714272
0.722747
0.715063
0.705042
0.722634
0.735902
0.70778
0.706449
0.736222
0.707014
0.73961
0.714403
0.733909
0.736963
0.738361
0.727399
0.739874
0.72619
0.737642
0.71068
0.724201
0.711191
0.704574
0.724974
0.727367
0.734039
0.712876
0.72512
0.722017
0.716557
0.727375
0.736288
0.739304
0.702438
0.70133
0.721938
0.73834
0.70911
0.728387
0.734562
0.716124
0.727997
0.708965
0.710032
0.72496
0.707327
0.737432
0.724835
0.733517
0.735074
0.735515
0.717718
0.706265
0.700089
0.702692
0.733632
0.734128
0.715568
0.718752
0.716145
0.732125
0.706127
0.712433
0.731429
0.708566
0.713763
0.713367
0.706906
0.722874
0.701754
0.701468
0.738997
0.729751
0.710433
0.70903
0.714711
0.71776
0.706461
0.739546
0.711277
0.701535
0.735061
0.728995
0.7078
0.73515
0.731687
0.701433
0.729278
0.707255
0.720185
0.705423
0.739379
0.726312
0.717856
0.730808
0.734877
0.731619
0.704176
0.701783
0.714493
0.705929
0.703251
0.71349
0.73568
0.713684
0.72252
0.710391
0.731444
0.728981
0.709937
0.702721
0.730516
0.704998
0.731716
0.738317
0.700148
0.723403
0.739749
0.729426
0.730657
0.719934
0.734848
0.730037
0.706246
0.712704
0.720845
0.701123
0.704323
0.725021
0.702907
0.718816
0.73095
0.706158
0.732306
0.72663
0.719842
0.714826
0.737021
0.711286
0.703807
0.706958
0.714008
0.734324
0.711956
0.705724
0.73264
0.712104
0.729127
0.73239
0.70153
0.719784
0.712324
0.736378
0.709821
0.71857
0.709082
0.730667
0.719693
0.713406
0.715688
0.7226
0.732222
0.706638
0.728757
0.724528
0.733268
0.708599
0.739354
0.730289
0.719886
0.703161
0.737247
0.733893
0.737484
0.709203
0.739617
0.730125
0.721307
0.728744
0.722514
0.722837
0.708528
0.734838
0.719216
0.718349
0.713408
0.728298
0.709016
0.733101
0.701704
0.724703
0.7157
0.733925
0.731341
0.704457
0.718453
0.724609
0.713057
0.717807
0.714898
0.732942
0.720967
0.712145
0.726836
0.718452
0.721349
0.726453
0.708576
0.702656
0.715197
0.731091
0.725494
0.723725
0.725929
0.704709
0.702074
0.739337
0.733007
0.71109
0.732437
0.734711
0.735793
0.708137
0.728636
0.727134
0.712595
0.707089
0.711743
0.725652
0.724896
0.726641
0.718594
0.705863
0.738787
0.70543
0.724314
0.720136
0.731882
0.732891
0.722792
0.707079
0.723981
0.708286
0.730804
0.70991
0.712995
0.732878
0.709247
0.706002
0.703967
0.701684
0.700713
0.739761
0.709821
0.729349
0.726895
0.722416
0.736438
0.738638
0.708068
0.721334
0.72528
0.726662
0.727196
0.724067
0.732092
0.711511
0.704203
0.723974
0.704401
0.726995
0.731053
0.728383
0.735281
0.721856
0.738293
0.708276
0.714734
0.707539
0.714278
0.718701
0.709223
0.714991
0.718462
0.719045
0.704339
0.705357
0.701461
0.700777
0.703995
0.709529
0.722111
0.729275
0.736191
0.709307
0.713341
0.728282
0.720818
0.717544
0.712256
0.72522
0.704539
0.703309
0.713602
0.73982
0.725165
0.711895
0.708095
0.739899
0.719434
0.722373
0.7186
0.728658
0.737364
0.737062
0.707702
0.701703
0.702419
0.709163
0.70248
0.706414
0.718692
0.724591
0.735688
0.714883
0.733899
0.709029
0.703165
0.714717
0.726573
0.715421
0.739936
0.731112
0.71873
0.713539
0.730932
0.703895
0.725434
0.739027
0.703794
0.704868
0.7214
0.722395
0.733526
0.718764
0.719457
0.701228
0.720467
0.721875
0.710391
0.722947
0.728289
0.729083
0.707539
0.723977
0.703966
0.701437
0.733006
0.707131
0.716154
0.71958
0.722552
0.716091
0.710692
0.701282
0.729629
0.701624
0.705177
0.715063
0.700651
0.708971
0.719931
0.722051
0.731366
0.713457
0.700815
0.710823
0.714685
0.721282
0.732698
0.725077
0.704229
0.720987
0.71416
0.711768
0.704964
0.718126
0.713205
0.737971
0.725257
0.729359
0.71755
0.707809
0.70545
0.728243
0.709091
0.735079
0.729866
0.714268
0.710143
0.730518
0.723239
0.730074
0.712569
0.714606
0.703531
0.713384
0.725428
0.718217
0.734666
0.718127
0.703293
0.738896
0.739114
0.717453
0.710664
0.704078
0.735579
0.723869
0.702048
0.720836
0.713229
0.719599
0.728645
0.718679
0.707841
0.737736
0.713758
0.737708
0.712004
0.723901
0.728226
0.735243
0.713975
0.700794
0.709849
0.717506
0.714179
0.735277
0.735722
0.708845
0.713403
0.739015
0.707741
0.712517
0.716469
0.718405
0.716595
0.712048
0.702274
0.718643
0.732884
0.715503
0.738242
0.721529
0.734182
0.706084
0.719265
0.70794
0.703792
0.731268
0.731841
0.732017
0.726511
0.705815
0.732811
0.73636
0.723321
0.70699
0.731637
0.719043
0.715835
0.70504
0.718058
0.723576
0.717558
0.734527
0.701981
0.734153
0.706575
0.704256
0.712796
0.739458
0.719759
0.711038
0.720987
0.713941
0.717122
0.700252
0.721881
0.720913
0.73152
0.713721
0.71293
0.718031
0.719536
0.705742
0.714391
0.702857
0.712732
0.706028
0.7219
0.728567
0.711069
0.739958
0.712144
0.728626
0.734485
0.714125
0.722779
0.70106
0.718381
0.735575
0.700519
0.738139
0.706613
0.721506
0.71208
0.723735
0.721757
0.73396
0.704648
0.713277
0.707682
0.717578
0.731309
0.727218
0.72332
0.7057
0.730075
0.736052
0.711728
0.711975
0.724619
0.722797
0.711934
0.736762
0.711424
0.706419
0.710887
0.734202
0.707479
0.729268
0.729777
0.707998
0.727407
0.73639
0.729504
0.739487
0.720125
0.711261
0.733447
0.724772
0.724538
0.701129
0.70235
0.715847
0.728347
0.72567
0.721547
0.718422
0.721722
0.733276
0.730397
0.70634
0.716073
0.702331
0.703103
0.727497
0.70875
0.71399
0.721699
0.71623
0.703258
0.711476
0.724227
0.730665
0.707866
0.713731
0.730152
0.727991
0.724992
0.723599
0.712763
0.70953
0.724728
0.715114
0.725378
0.713075
0.700783
0.706925
0.731497
0.722505
0.700201
0.721895
0.728845
0.716274
0.724226
0.731948
0.703771
0.732976
0.705938
0.72547
0.709206
0.709196
0.736946
0.733433
0.73986
0.704813
0.707164
0.730012
0.732804
0.732155
0.713611
0.705567
0.701686
0.738339
0.72068
0.727063
0.711414
0.721464
0.733988
0.702911
0.703969
0.734189
0.724805
0.732814
0.710463
0.709031
0.724762
0.714234
0.702007
0.7307
0.739704
0.711213
0.739896
0.73665
0.704645
0.739756
0.701463
0.711809
0.729768
0.734267
0.703965
0.703379
0.739834
0.70565
0.701718
0.720514
0.732714
0.713131
0.701978
0.726702
0.716042
0.705947
0.720891
0.700847
0.738761
0.731354
0.709878
0.723523
0.705588
0.711885
0.714223
0.705292
0.723098
0.714119
0.701942
0.727743
0.713876
0.703405
0.739553
0.703644
0.737672
0.703517
0.707023
0.737506
0.709168
0.70874
0.718019
0.701881
0.721871
0.719997
0.728583
0.737913
0.725944
0.709474
0.738761
0.724705
0.700828
0.708639
0.708228
0.706416
0.720525
0.722451
0.711708
0.703623
0.736571
0.71365
0.731366
0.710446
0.717056
0.730919
0.71409
0.714728
0.734436
0.721113
0.712233
0.703604
0.729853
0.730253
0.705485
0.711724
0.71025
0.734068
0.709638
0.736194
0.703542
0.708398
0.720899
0.704369
0.717037
0.729126
0.710785
0.737562
0.711578
0.722493
0.701184
0.708149
0.736143
0.73255
0.718595
0.713199
0.723469
0.732685
0.727927
0.717905
0.713798
0.70016
0.721509
0.703651
0.730413
0.726993
0.715375
0.700662
0.721061
0.725013
0.736856
0.724602
0.733411
0.717755
0.728972
0.710448
0.706881
0.739757
0.70801
0.718459
0.72225
0.709194
0.726608
0.718394
0.701745
0.705203
0.731593
0.725214
0.737888
0.719519
0.703119
0.711686
0.719679
0.724627
0.715337
0.710091
0.711621
0.730712
0.710754
0.732681
0.715725
0.70761
0.717284
0.709135
0.725365
0.706256
0.719583
0.732246
0.706013
0.727593
0.710705
0.728263
0.736787
0.737313
0.706657
0.738532
0.702516
0.738249
0.723746
0.700404
0.717768
0.726864
0.71209
0.737447
0.711492
0.727427
0.707539
0.723112
0.718139
0.718293
0.715794
0.733863
0.725903
0.733078
0.702999
0.711267
0.739333
0.722582
0.703513
0.705346
0.710175
0.714218
0.733609
0.706963
0.711531
0.700266
0.705495
0.714047
0.738515
0.72924
0.71445
0.716283
0.716105
0.72654
0.713731
0.727596
0.713967
0.721269
0.710708
0.732106
0.739562
0.726502
0.72597
0.725465
0.71958
0.728968
0.736732
0.718913
0.71155
0.700246
0.72426
0.721726
0.714464
0.717869
0.728688
0.725995
0.718135
0.734183
0.700042
0.71665
0.723423
0.714492
0.732934
0.739528
0.701032
0.706665
0.727124
0.715
0.727934
0.737833
0.707106
0.727496
0.724335
0.733075
0.712961
0.703915
0.722044
0.709693
0.722828
0.733594
0.709938
0.707087
0.71532
0.724402
0.724956
0.704008
0.710397
0.703092
0.738191
0.710439
0.719742
0.721614
0.724931
0.712676
0.721142
0.725963
0.71934
0.708266
0.700963
0.707274
0.706099
0.708068
0.73477
0.730433
0.701143
0.707731
0.734348
0.723187
0.717424
0.717176
0.716781
0.727362
0.724263
0.732101
0.711764
0.709219
0.736109
0.722161
0.712311
0.7343
0.7326
0.732053
0.715914
0.71753
0.704729
0.737056
0.703494
0.724069
0.705322
0.704456
0.731343
0.71142
0.712524
0.726114
0.701854
0.713668
0.733845
0.736201
0.736855
0.711268
0.713377
0.713635
0.73863
0.73764
0.705736
0.710393
0.706859
0.701845
0.732554
0.71917
0.736144
0.725154
0.711223
0.712058
0.702684
0.715952
0.709114
0.706178
0.700021
0.714436
0.710634
0.731364
0.725857
0.723158
0.717478
0.72771
0.736826
0.711323
0.723912
0.733681
0.722591
0.737289
0.707316
0.72122
0.734929
0.713052
0.731614
0.701788
0.714897
0.724168
0.720958
0.711041
0.709322
0.732181
0.7231
0.712006
0.708133
0.732214
0.718184
0.708154
0.70665
0.728818
0.739518
0.732507
0.711976
0.716996
0.720217
0.708802
0.728319
0.704129
0.702483
0.710909
0.701418
0.709799
0.73213
0.736346
0.722851
0.723743
0.738134
0.737748
0.707912
0.719092
0.70879
0.717233
0.711274
0.73189
0.72924
0.719407
0.724104
0.707424
0.727561
0.730754
0.736241
0.727079
0.723261
0.708218
0.704076
0.703478
0.71702
0.732395
0.707607
0.719503
0.703304
0.709025
0.729302
0.735434
0.705371
0.712153
0.719177
0.703506
0.709901
0.727089
0.722598
0.718691
0.704322
0.733872
0.710581
0.733562
0.713279
0.734684
0.700985
0.70084
0.725439
0.737227
0.727919
0.7087
0.705444
0.731995
0.712178
0.722464
0.724389
0.719785
0.701967
0.727693
0.72881
0.731269
0.723127
0.734181
0.703422
0.702304
0.737687
0.713323
0.729392
0.720285
0.732014
0.733714
0.714157
0.702595
0.727276
0.727436
0.73728
0.728261
0.728275
0.722718
0.725488
0.716194
0.731418
0.770932
0.748189
0.743596
0.753396
0.772578
0.763381
0.755363
0.760271
0.752191
0.746632
0.743398
0.746372
0.750054
0.745701
0.744059
0.763377
0.775094
0.764344
0.755392
0.768808
0.778501
0.757987
0.756084
0.765936
0.755267
0.744345
0.754211
0.777985
0.769833
0.770406
0.769403
0.760765
0.778595
0.772999
0.774162
0.771173
0.75638
0.749525
0.751444
0.76857
0.756157
0.754841
0.774943
0.766211
0.760543
0.779002
0.749588
0.755637
0.763346
0.76498
0.744445
0.761846
0.742967
0.760529
0.747782
0.758233
0.764874
0.761994
0.756218
0.754707
0.752399
0.745621
0.775473
0.750994
0.77862
0.769634
0.742167
0.755
0.779159
0.75361
0.74357
0.755316
0.768451
0.778513
0.741526
0.748994
0.777514
0.751114
0.764631
0.76086
0.776094
0.769076
0.742706
0.779061
0.749604
0.750489
0.757294
0.774479
0.772483
0.773513
0.749186
0.744882
0.779134
0.744659
0.755876
0.777754
0.774293
0.758043
0.752754
0.773452
0.771653
0.756324
0.748767
0.760104
0.754837
0.750293
0.769098
0.752351
0.761408
0.753729
0.773211
0.757501
0.742805
0.775917
0.756562
0.752409
0.746406
0.773856
0.746888
0.778889
0.767369
0.756073
0.743771
0.766502
0.760732
0.759647
0.764256
0.755025
0.777689
0.77701
0.748476
0.769342
0.753334
0.757244
0.749446
0.76817
0.767537
0.778544
0.740521
0.748944
0.752273
0.773732
0.766446
0.755078
0.76965
0.743008
0.767487
0.776056
0.776864
0.774374
0.774944
0.764232
0.750448
0.778715
0.750735
0.77118
0.758362
0.774991
0.746205
0.756051
0.772001
0.754681
0.745393
0.745335
0.771925
0.754839
0.773505
0.759462
0.753383
0.774027
0.768406
0.765657
0.767759
0.754852
0.740735
0.757408
0.757859
0.768222
0.753464
0.754723
0.762596
0.748408
0.778956
0.773044
0.747123
0.74969
0.764224
0.765484
0.744682
0.770429
0.741535
0.776683
0.74511
0.746928
0.742018
0.777034
0.761767
0.775523
0.756496
0.775151
0.76955
0.744902
0.760807
0.757308
0.759753
0.761542
0.774717
0.777613
0.749764
0.748181
0.752336
0.77236
0.756589
0.751292
0.765404
0.763712
0.760982
0.749627
0.749196
0.765664
0.740056
0.750732
0.762347
0.745166
0.75766
0.764365
0.7422
0.779427
0.759888
0.758696
0.774578
0.749438
0.763598
0.755385
0.766746
0.743351
0.776927
0.761463
0.740964
0.746691
0.769644
0.7533
0.779051
0.746232
0.764592
0.764454
0.769944
0.745574
0.774082
0.77914
0.771238
0.774137
0.749872
0.753585
0.779303
0.767532
0.77795
0.741503
0.766959
0.757837
0.760199
0.761537
0.767275
0.743796
0.776922
0.754021
0.747147
0.77385
0.775484
0.748111
0.740541
0.765128
0.761412
0.779592
0.77136
0.746004
0.764046
0.761304
0.751578
0.758127
0.760445
0.742816
0.752265
0.770317
0.756401
0.751568
0.757849
0.754351
0.753071
0.744808
0.772188
0.77327
0.766344
0.759463
0.777066
0.763267
0.773484
0.744213
0.757116
0.768968
0.752325
0.757657
0.754096
0.773736
0.757249
0.745456
0.77974
0.741294
0.76676
0.751318
0.759422
0.747205
0.754134
0.771687
0.777522
0.770535
0.743254
0.75537
0.744886
0.756325
0.760178
0.777074
0.749595
0.746522
0.756537
0.746661
0.769789
0.750021
0.750874
0.746905
0.778989
0.763199
0.764563
0.753085
0.756935
0.741811
0.758541
0.756675
0.743106
0.745301
0.767993
0.762527
0.752506
0.742127
0.754214
0.750027
0.772662
0.757468
0.765398
0.777548
0.773794
0.745576
0.774622
0.743389
0.752098
0.751158
0.750049
0.741887
0.761179
0.760923
0.748792
0.760169
0.744122
0.773355
0.773253
0.761057
0.775166
0.751794
0.777732
0.778272
0.757095
0.765725
0.760799
0.769601
0.767852
0.775013
0.779628
0.760514
0.752481
0.765026
0.758062
0.746275
0.770602
0.752683
0.749664
0.7427
0.763842
0.759713
0.744587
0.745021
0.740636
0.753379
0.76519
0.744758
0.746734
0.758443
0.765815
0.7419
0.770237
0.763547
0.740172
0.747332
0.749272
0.760971
0.776933
0.777123
0.755984
0.776562
0.757637
0.768465
0.761588
0.775699
0.77474
0.752189
0.748382
0.744404
0.754889
0.772224
0.764116
0.759475
0.777245
0.764752
0.772854
0.762435
0.76951
0.779588
0.740878
0.755325
0.741488
0.771115
0.778872
0.74166
0.778448
0.748144
0.762631
0.775381
0.745267
0.778614
0.771943
0.762904
0.767079
0.75353
0.758603
0.761819
0.76572
0.766986
0.766223
0.740609
0.75921
0.75034
0.760084
0.756455
0.775092
0.752939
0.77889
0.764602
0.752527
0.779768
0.779928
0.754015
0.770883
0.7788
0.755675
0.769331
0.746943
0.778306
0.764712
0.75221
0.77692
0.756655
0.775115
0.763999
0.770185
0.753718
0.745819
0.755905
0.740704
0.772042
0.756514
0.759914
0.742381
0.776598
0.776369
0.777473
0.749537
0.775259
0.762076
0.762064
0.775027
0.762003
0.776079
0.76591
0.760803
0.751754
0.755241
0.767746
0.75006
0.779953
0.779956
0.746979
0.756608
0.775071
0.770979
0.746793
0.748789
0.776797
0.762698
0.749493
0.768839
0.779212
0.769406
0.77122
0.77581
0.765775
0.768694
0.745347
0.761034
0.750769
0.767411
0.756061
0.772773
0.76349
0.741971
0.753576
0.775243
0.757212
0.741322
0.745303
0.757165
0.741278
0.752282
0.773773
0.776349
0.743261
0.740566
0.745137
0.740058
0.763264
0.75463
0.768898
0.762476
0.744036
0.760118
0.758286
0.769812
0.748812
0.763633
0.750846
0.759581
0.751044
0.766906
0.752353
0.774533
0.768877
0.765929
0.769777
0.746089
0.767251
0.77508
0.763254
0.768528
0.747362
0.757026
0.764877
0.750623
0.757592
0.770014
0.750682
0.740857
0.744644
0.779579
0.763333
0.748681
0.759697
0.741619
0.778493
0.768509
0.765252
0.749338
0.74809
0.776296
0.776244
0.760443
0.770829
0.765121
0.746372
0.760606
0.77121
0.773623
0.755686
0.754463
0.762151
0.763048
0.77149
0.747028
0.773671
0.749082
0.777042
0.744353
0.749939
0.741687
0.743932
0.773272
0.750368
0.76363
0.774891
0.748861
0.752138
0.760143
0.758199
0.760228
0.756439
0.754443
0.740671
0.747269
0.779565
0.747043
0.767875
0.770775
0.740665
0.74356
0.745238
0.762816
0.766608
0.776728
0.769844
0.76028
0.74581
0.766887
0.764633
0.755749
0.768574
0.768565
0.749021
0.778942
0.752195
0.743912
0.747802
0.764333
0.764055
0.766001
0.744561
0.740494
0.740444
0.745232
0.747763
0.740009
0.752274
0.775637
0.770783
0.75294
0.779198
0.776022
0.775756
0.765806
0.772749
0.765601
0.746086
0.77856
0.752488
0.770719
0.754309
0.741062
0.759284
0.76333
0.740003
0.771479
0.767242
0.747805
0.755812
0.751297
0.773806
0.760373
0.751791
0.774251
0.765605
0.759554
0.77426
0.777879
0.755191
0.765043
0.750819
0.754389
0.761065
0.746575
0.740196
0.753814
0.772176
0.746282
0.752374
0.744664
0.777001
0.766682
0.745726
0.756285
0.750012
0.745729
0.747764
0.777254
0.753534
0.763576
0.74855
0.747341
0.743949
0.760341
0.741591
0.769553
0.779895
0.775851
0.767432
0.755087
0.760894
0.778251
0.769476
0.741959
0.744827
0.769672
0.755773
0.777003
0.775953
0.768147
0.741667
0.772954
0.754829
0.747393
0.749239
0.764841
0.753122
0.757003
0.762095
0.766656
0.740579
0.770645
0.773996
0.744528
0.750987
0.775588
0.774081
0.750882
0.771439
0.761514
0.765969
0.752333
0.759765
0.755445
0.754292
0.764592
0.745117
0.770066
0.761595
0.74107
0.758212
0.763262
0.774024
0.773041
0.770655
0.743263
0.757883
0.743776
0.760266
0.779978
0.770432
0.760845
0.770623
0.764428
0.765373
0.74161
0.760016
0.759454
0.752492
0.751455
0.740967
0.77846
0.763789
0.760732
0.753905
0.778081
0.745324
0.759022
0.768147
0.766919
0.760092
0.746359
0.75018
0.754117
0.7794
0.740835
0.75738
0.757283
0.744611
0.777646
0.757261
0.775043
0.758491
0.747884
0.759471
0.743864
0.749493
0.779488
0.763318
0.761985
0.750943
0.764285
0.760446
0.774732
0.745017
0.774351
0.772813
0.750341
0.753373
0.76096
0.77726
0.773466
0.767319
0.747441
0.747583
0.766719
0.748276
0.764963
0.744002
0.752887
0.762609
0.761263
0.74793
0.7411
0.769147
0.767401
0.744965
0.778641
0.766889
0.768282
0.760626
0.777832
0.752568
0.741071
0.772564
0.757585
0.775422
0.765377
0.767927
0.748796
0.746336
0.765187
0.742261
0.773655
0.772627
0.749844
0.760374
0.740903
0.774807
0.764377
0.753789
0.757416
0.74564
0.761719
0.758516
0.774787
0.74912
0.763481
0.773428
0.776009
0.751763
0.754054
0.77384
0.764331
0.755125
0.766404
0.741916
0.750547
0.751781
0.769843
0.759343
0.758117
0.755029
0.761604
0.751772
0.747657
0.771449
0.772146
0.748559
0.766255
0.756523
0.762349
0.743671
0.762163
0.744067
0.762188
0.756951
0.753187
0.745669
0.750378
0.749196
0.757432
0.764432
0.743036
0.741763
0.779557
0.76944
0.74368
0.750104
0.741221
0.773523
0.769447
0.759338
0.748552
0.751052
0.77111
0.756209
0.7425
0.763257
0.764768
0.768755
0.77978
0.747116
0.772427
0.761943
0.751184
0.754615
0.778894
0.764371
0.760284
0.749272
0.773567
0.777716
0.773704
0.776604
0.779479
0.773261
0.766044
0.743159
0.743365
0.767265
0.776682
0.772813
0.746603
0.745234
0.743864
0.777713
0.761442
0.746364
0.76097
0.74621
0.77512
0.76075
0.753327
0.767547
0.742693
0.764511
0.742161
0.741587
0.748882
0.762445
0.750859
0.742449
0.760161
0.744563
0.779053
0.75964
0.777824
0.765097
0.762799
0.74119
0.752362
0.75948
0.774002
0.758965
0.764714
0.777867
0.756678
0.746156
0.744231
0.777648
0.752366
0.779351
0.758398
0.765693
0.766897
0.761091
0.750203
0.769058
0.762677
0.759085
0.751503
0.773536
0.761535
0.771664
0.778099
0.760588
0.751304
0.775923
0.745685
0.774103
0.777113
0.758047
0.753583
0.771116
0.777013
0.778297
0.768982
0.753691
0.744453
0.773213
0.751339
0.75682
0.772564
0.769737
0.742512
0.759461
0.750827
0.752716
0.748519
0.773505
0.771801
0.760023
0.767041
0.753336
0.751687
0.76514
0.773924
0.762991
0.761063
0.779609
0.757093
0.758176
0.757656
0.770676
0.749292
0.754669
0.768973
0.778274
0.76836
0.773427
0.771488
0.779699
0.750246
0.764051
0.769436
0.752759
0.743512
0.740264
0.765474
0.752032
0.773768
0.757276
0.772055
0.760809
0.770612
0.743741
0.745948
0.764536
0.766732
0.767011
0.764145
0.743825
0.745188
0.741802
0.774501
0.75448
0.756471
0.763475
0.752754
0.744831
0.756902
0.744242
0.74453
0.767148
0.768293
0.773966
0.779906
0.771805
0.77423
0.765381
0.743837
0.767998
0.742657
0.775892
0.748807
0.773269
0.779633
0.754755
0.757805
0.766365
0.741767
0.74195
0.77019
0.746954
0.743751
0.764691
0.761434
0.760222
0.748166
0.774188
0.765052
0.765068
0.77843
0.769582
0.752216
0.766723
0.763548
0.752122
0.758528
0.757778
0.777503
0.762365
0.745776
0.74016
0.758257
0.754583
0.773428
0.757889
0.769338
0.751233
0.744254
0.771105
0.753182
0.774444
0.77806
0.756934
0.759135
0.759494
0.777155
0.767301
0.753682
0.762208
0.752369
0.752112
0.75179
0.764585
0.778834
0.775339
0.776707
0.757362
0.753117
0.774209
0.779727
0.758893
0.774369
0.757984
0.773476
0.767797
0.775873
0.762815
0.77903
0.740127
0.75392
0.752213
0.774571
0.75198
0.769146
0.753706
0.771474
0.766302
0.741007
0.745156
0.748509
0.753376
0.757267
0.7603
0.777961
0.756102
0.755638
0.774668
0.773464
0.768755
0.768877
0.773191
0.747649
0.763246
0.751174
0.741125
0.751043
0.747047
0.76394
0.750073
0.747174
0.77786
0.762286
0.741745
0.74984
0.751432
0.755451
0.741313
0.777734
0.756459
0.746469
0.746243
0.769835
0.763737
0.766543
0.767796
0.779838
0.742181
0.762463
0.773302
0.770937
0.75134
0.766492
0.778586
0.774586
0.777666
0.779711
0.74563
0.744713
0.763651
0.755703
0.751887
0.761511
0.777989
0.753633
0.771351
0.749421
0.769084
0.772664
0.747154
0.745542
0.779133
0.753397
0.775377
0.76287
0.77994
0.763173
0.762708
0.742122
0.745637
0.75601
0.773058
0.756977
0.742502
0.771644
0.751563
0.740168
0.771355
0.757193
0.744881
0.755005
0.772896
0.756769
0.776516
0.770885
0.770401
0.767866
0.740306
0.759485
0.760531
0.74746
0.765028
0.759664
0.760857
0.760405
0.742533
0.760798
0.743578
0.765241
0.762919
0.749215
0.741251
0.755978
0.766192
0.743753
0.747622
0.777755
0.743921
0.778976
0.754948
0.748802
0.753982
0.747844
0.765571
0.750498
0.778729
0.755972
0.778364
0.779035
0.775458
0.758895
0.746495
0.760485
0.778558
0.767352
0.74089
0.741092
0.74815
0.744468
0.766333
0.771069
0.753683
0.767584
0.747047
0.779875
0.771336
0.754669
0.77763
0.775257
0.753645
0.752578
0.744059
0.767627
0.760422
0.76963
0.778124
0.759151
0.745602
0.776488
0.758186
0.74106
0.755383
0.764681
0.761545
0.753941
0.752033
0.762435
0.755033
0.760183
0.766903
0.741366
0.751252
0.740586
0.768949
0.7583
0.74046
0.760286
0.772969
0.77809
0.755542
0.746614
0.750668
0.759601
0.774241
0.771091
0.749231
0.772365
0.750242
0.754833
0.768854
0.768428
0.755893
0.744237
0.753109
0.777437
0.758178
0.765142
0.759872
0.773211
0.745325
0.746775
0.774576
0.756578
0.747361
0.763526
0.774877
0.747821
0.743811
0.767846
0.745911
0.759354
0.77446
0.756579
0.778955
0.768701
0.74767
0.748186
0.761066
0.757912
0.76302
0.749919
0.74634
0.778912
0.754156
0.759449
0.77635
0.772334
0.744591
0.756222
0.765545
0.749917
0.762996
0.760121
0.766494
0.770357
0.743647
0.761371
0.778178
0.747458
0.749217
0.744089
0.766812
0.743677
0.760669
0.765767
0.772378
0.768339
0.773954
0.753443
0.746251
0.756973
0.763363
0.752591
0.755885
0.777519
0.77204
0.752235
0.769853
0.776632
0.768456
0.755397
0.746548
0.751453
0.775518
0.773042
0.74181
0.779165
0.754414
0.779988
0.746623
0.763631
0.744077
0.773435
0.767308
0.764746
0.759203
0.759686
0.753084
0.753156
0.773129
0.759335
0.77013
0.756492
0.771926
0.746015
0.754011
0.763967
0.75825
0.743863
0.760598
0.746706
0.759261
0.767147
0.758159
0.754779
0.760189
0.759969
0.753944
0.774603
0.759957
0.760568
0.758234
0.764034
0.754003
0.745542
0.74878
0.773206
0.765228
0.761864
0.746362
0.758357
0.741199
0.776492
0.774848
0.773126
0.742507
0.748859
0.757092
0.760757
0.752722
0.777691
0.767464
0.771983
0.764838
0.745623
0.746762
0.745027
0.765592
0.760706
0.77963
0.745549
0.741274
0.757864
0.769583
0.755277
0.763406
0.778362
0.748483
0.748634
0.760226
0.754846
0.766991
0.761426
0.751338
0.761839
0.754551
0.753845
0.770698
0.771643
0.774602
0.74342
0.769334
0.762066
0.775402
0.754172
0.767689
0.742164
0.759199
0.753281
0.76287
0.758829
0.75883
0.764144
0.776693
0.748412
0.779421
0.7601
0.746775
0.747904
0.768734
0.767001
0.76275
0.755724
0.748427
0.774088
0.777563
0.762978
0.747933
0.768261
0.754621
0.742535
0.77168
0.743955
0.764601
0.767083
0.758127
0.75229
0.769247
0.777326
0.765571
0.752117
0.756154
0.7444
0.776261
0.752847
0.752812
0.775682
0.772947
0.759587
0.743587
0.761681
0.746588
0.766337
0.777405
0.755014
0.760425
0.774969
0.777992
0.768357
0.763229
0.752613
0.770892
0.75491
0.756569
0.755493
0.741993
0.774696
0.767783
0.77124
0.772022
0.753354
0.743357
0.748176
0.757754
0.779618
0.761023
0.770566
0.7753
0.75397
0.750153
0.778887
0.775651
0.756741
0.765224
0.773056
0.771755
0.745649
0.768025
0.769748
0.774006
0.751254
0.742361
0.764898
0.766164
0.75893
0.740392
0.768157
0.753626
0.768175
0.759396
0.745647
0.741529
0.762753
0.753823
0.759283
0.762371
0.774847
0.749849
0.757671
0.748817
0.760002
0.756559
0.744468
0.776743
0.741783
0.777525
0.768498
0.747431
0.76555
0.758246
0.741437
0.776804
0.760607
0.766336
0.762968
0.779537
0.766727
0.751125
0.753163
0.754902
0.770521
0.758811
0.756431
0.753274
0.772634
0.775714
0.775645
0.767481
0.745563
0.753317
0.776298
0.765565
0.769876
0.740766
0.762308
0.771658
0.778291
0.750806
0.779089
0.763841
0.769052
0.740527
0.760645
0.749659
0.766862
0.743613
0.749197
0.75359
0.754738
0.76236
0.768492
0.745259
0.741171
0.744923
0.758533
0.773805
0.740637
0.754179
0.761286
0.7462
0.767496
0.757584
0.771764
0.757371
0.758351
0.754072
0.749029
0.756642
0.764878
0.748119
0.740482
0.75393
0.748645
0.761127
0.763589
0.775508
0.76474
0.772786
0.749097
0.779477
0.755146
0.777589
0.744736
0.756317
0.742513
0.763269
0.750123
0.74315
0.777448
0.771409
0.749349
0.764943
0.748993
0.741114
0.742314
0.767344
0.755186
0.751344
0.743985
0.740063
0.759462
0.744468
0.753993
0.768108
0.765595
0.777582
0.763615
0.750334
0.770369
0.772713
0.749811
0.745515
0.770302
0.754547
0.761832
0.772815
0.777816
0.771955
0.775964
0.775264
0.763364
0.745313
0.760208
0.772357
0.746427
0.762522
0.759701
0.761613
0.773866
0.763686
0.761676
0.753328
0.768154
0.775669
0.741436
0.753748
0.773252
0.765051
0.764083
0.76362
0.757764
0.773894
0.769135
0.748066
0.748441
0.750968
0.740881
0.746257
0.742923
0.776845
0.741521
0.766287
0.742158
0.761729
0.758644
0.748585
0.744251
0.778345
0.770198
0.778117
0.762031
0.751874
0.751445
0.750184
0.787544
0.792881
0.803933
0.780796
0.817932
0.788015
0.804416
0.795696
0.781909
0.793551
0.803762
0.79035
0.804519
0.804642
0.796608
0.807442
0.801487
0.798129
0.793729
0.803645
0.819858
0.812373
0.812231
0.784109
0.810717
0.802429
0.782226
0.792748
0.814303
0.793671
0.802932
0.781847
0.806551
0.786865
0.782642
0.804483
0.794881
0.807058
0.780179
0.79679
0.780609
0.803941
0.80714
0.805128
0.788584
0.783748
0.79257
0.810071
0.801877
0.806299
0.793716
0.801735
0.798671
0.785947
0.805844
0.789389
0.808375
0.80807
0.802136
0.802678
0.781741
0.785069
0.804525
0.808292
0.791934
0.807167
0.792775
0.806814
0.794225
0.792954
0.783604
0.794834
0.816896
0.810745
0.819963
0.785479
0.814493
0.792533
0.81555
0.79637
0.818832
0.789266
0.818105
0.797503
0.795213
0.803949
0.806892
0.783588
0.792019
0.789028
0.806266
0.79376
0.794097
0.790791
0.782052
0.806031
0.817957
0.794827
0.792845
0.792182
0.807781
0.79645
0.807017
0.804677
0.787194
0.806979
0.810156
0.781687
0.819512
0.805706
0.798057
0.818344
0.814972
0.796161
0.795847
0.790184
0.78011
0.782739
0.793772
0.792129
0.791767
0.780038
0.805889
0.805864
0.790829
0.80794
0.791895
0.788786
0.782767
0.80474
0.800969
0.810548
0.78119
0.787985
0.795225
0.788384
0.814965
0.78538
0.790071
0.814477
0.811086
0.808128
0.812821
0.806058
0.784289
0.788668
0.816242
0.7844
0.791407
0.790014
0.796529
0.803174
0.790053
0.782418
0.789038
0.800881
0.810358
0.800933
0.809667
0.813125
0.785673
0.790636
0.803674
0.786863
0.798621
0.818898
0.795247
0.793586
0.784279
0.805319
0.788064
0.815365
0.793447
0.780885
0.801423
0.797736
0.789553
0.797665
0.802135
0.80096
0.807679
0.818664
0.784134
0.817732
0.781082
0.793173
0.798613
0.81144
0.814106
0.788281
0.804566
0.819779
0.798917
0.788239
0.786642
0.817538
0.787137
0.80189
0.791124
0.791416
0.787208
0.799188
0.786781
0.800655
0.800073
0.808203
0.818391
0.809626
0.785868
0.800526
0.790586
0.813547
0.79919
0.79472
0.811279
0.800272
0.807893
0.789893
0.791713
0.801999
0.798173
0.816278
0.801778
0.81709
0.784518
0.80842
0.814628
0.791655
0.790309
0.785752
0.803071
0.797518
0.80494
0.809851
0.818173
0.785013
0.798055
0.816564
0.814639
0.803923
0.79709
0.785225
0.79747
0.81628
0.799945
0.78875
0.796552
0.787838
0.798642
0.808265
0.809837
0.816815
0.804543
0.791614
0.813905
0.809061
0.780034
0.808533
0.780716
0.790344
0.814285
0.803787
0.807862
0.799226
0.793638
0.806034
0.804239
0.811693
0.802598
0.798878
0.795615
0.819688
0.804103
0.813086
0.815968
0.784048
0.781835
0.79252
0.791886
0.800477
0.780785
0.781723
0.797293
0.805329
0.793338
0.791198
0.79439
0.793372
0.819731
0.795106
0.803716
0.814016
0.818892
0.791577
0.793242
0.79253
0.817612
0.817481
0.784223
0.80021
0.796359
0.799838
0.799898
0.780462
0.792924
0.795866
0.78451
0.794759
0.808386
0.796397
0.815237
0.809171
0.79812
0.79253
0.7945
0.811458
0.803728
0.80889
0.78483
0.803458
0.783996
0.808546
0.797474
0.782888
0.780123
0.810716
0.795419
0.817735
0.808197
0.799642
0.797945
0.784556
0.81948
0.817843
0.785018
0.792404
0.793708
0.789528
0.807163
0.782094
0.805925
0.8024
0.811265
0.784045
0.81493
0.785766
0.815503
0.798658
0.814656
0.780332
0.782116
0.818652
0.808878
0.79959
0.78154
0.809001
0.790306
0.796959
0.806736
0.818504
0.8166
0.784681
0.78306
0.81608
0.782523
0.788078
0.788484
0.796232
0.797606
0.815648
0.798326
0.783531
0.798048
0.789591
0.787576
0.792978
0.795357
0.783078
0.811636
0.790013
0.783411
0.813751
0.788665
0.812289
0.793342
0.790205
0.80129
0.803648
0.807163
0.788026
0.802152
0.803764
0.792707
0.805211
0.799844
0.79523
0.813289
0.808328
0.811462
0.790895
0.803976
0.789787
0.794426
0.782024
0.799378
0.802001
0.795002
0.814735
0.805079
0.786638
0.784748
0.80849
0.780389
0.793413
0.800779
0.793731
0.803617
0.782068
0.817379
0.790781
0.790094
0.799531
0.814544
0.802801
0.784742
0.794388
0.818031
0.818031
0.782716
0.809493
0.788926
0.806692
0.81928
0.803352
0.808716
0.798658
0.785353
0.783718
0.793393
0.810432
0.790355
0.798141
0.798922
0.790744
0.811554
0.819701
0.804475
0.795171
0.781769
0.801854
0.805952
0.791863
0.781384
0.800496
0.814664
0.786126
0.814884
0.812695
0.784157
0.8176
0.802188
0.793083
0.804292
0.801468
0.816435
0.793008
0.780126
0.781788
0.796726
0.793519
0.81222
0.807081
0.81166
0.791143
0.817825
0.803213
0.790843
0.8023
0.818384
0.792613
0.784154
0.804336
0.804476
0.785538
0.784831
0.79914
0.791664
0.819716
0.791836
0.795821
0.817316
0.814024
0.808905
0.801608
0.795491
0.80534
0.814616
0.795617
0.807128
0.791342
0.809136
0.799348
0.818423
0.800795
0.810491
0.816248
0.784009
0.781334
0.798548
0.782393
0.793947
0.802702
0.806728
0.818422
0.808239
0.81156
0.797563
0.819904
0.811275
0.809398
0.795725
0.808591
0.803422
0.78463
0.790199
0.818913
0.80997
0.784815
0.79453
0.797098
0.796157
0.783666
0.816446
0.794579
0.804461
0.806937
0.790827
0.80847
0.808271
0.809375
0.810862
0.782217
0.792076
0.79759
0.78064
0.780316
0.78915
0.798202
0.780219
0.780425
0.787601
0.795944
0.809016
0.811023
0.800574
0.819215
0.809936
0.790544
0.78403
0.784466
0.807642
0.800186
0.788132
0.804087
0.814765
0.812593
0.791024
0.785592
0.801063
0.819295
0.814967
0.791925
0.781512
0.787043
0.809516
0.782151
0.787359
0.818666
0.800354
0.787578
0.819091
0.807955
0.803522
0.808107
0.798977
0.784097
0.807321
0.788914
0.794641
0.811351
0.79338
0.782282
0.791537
0.801512
0.80637
0.786302
0.794105
0.817394
0.791895
0.815168
0.816688
0.786861
0.787094
0.8182
0.793905
0.81661
0.780351
0.801263
0.815275
0.800705
0.808841
0.814366
0.788659
0.792364
0.802472
0.807637
0.796461
0.789794
0.81655
0.811101
0.781145
0.78993
0.813383
0.792682
0.811442
0.799753
0.798984
0.785548
0.797146
0.810879
0.780716
0.793835
0.81774
0.78781
0.792034
0.791644
0.78442
0.792386
0.812908
0.819695
0.81309
0.801749
0.814061
0.78175
0.814113
0.796533
0.809387
0.790574
0.806327
0.805937
0.781675
0.807471
0.815867
0.815058
0.780153
0.80731
0.794811
0.799137
0.812858
0.811958
0.790015
0.813574
0.785792
0.787755
0.781384
0.797827
0.799399
0.785803
0.810212
0.792307
0.785498
0.803303
0.814056
0.819559
0.805052
0.808169
0.796092
0.794439
0.818743
0.782418
0.780376
0.780418
0.809889
0.816243
0.815476
0.810042
0.803553
0.790287
0.789178
0.796411
0.782245
0.799193
0.789984
0.788037
0.806948
0.791368
0.805864
0.786348
0.797172
0.796076
0.798655
0.80267
0.819379
0.792711
0.802228
0.804431
0.780881
0.81832
0.81887
0.819624
0.780738
0.819246
0.780042
0.810627
0.81549
0.815518
0.800669
0.799043
0.785805
0.809847
0.815454
0.78805
0.789041
0.785438
0.796087
0.815989
0.796806
0.781951
0.782337
0.813978
0.798028
0.800991
0.796648
0.797406
0.813703
0.818876
0.781837
0.814583
0.817196
0.780708
0.814207
0.817934
0.819954
0.814249
0.808562
0.815444
0.809767
0.789231
0.794487
0.815572
0.819078
0.78994
0.783622
0.788119
0.795378
0.799709
0.784108
0.812184
0.801661
0.786444
0.806162
0.819688
0.807436
0.78281
0.797095
0.801138
0.781686
0.798932
0.795722
0.818882
0.79964
0.789929
0.816816
0.799594
0.784178
0.805378
0.795037
0.813944
0.814609
0.809524
0.809516
0.813687
0.819464
0.813138
0.781806
0.794842
0.792847
0.785913
0.787027
0.814508
0.792357
0.813189
0.814197
0.819793
0.815998
0.791291
0.800931
0.817684
0.810223
0.816653
0.816566
0.789863
0.786582
0.813383
0.809457
0.790759
0.798761
0.784494
0.784703
0.79337
0.814018
0.814219
0.787056
0.813482
0.807357
0.788862
0.788324
0.780204
0.794775
0.795351
0.814713
0.807132
0.78854
0.808909
0.806925
0.784538
0.7802
0.787856
0.782222
0.810423
0.784509
0.818789
0.780286
0.791091
0.812171
0.809743
0.80185
0.790932
0.814237
0.806553
0.804302
0.808255
0.800773
0.811358
0.801737
0.78813
0.78022
0.810061
0.788334
0.794995
0.785412
0.783047
0.782127
0.793952
0.811956
0.809052
0.79849
0.812156
0.816909
0.800712
0.802579
0.781418
0.799501
0.802866
0.792509
0.791672
0.792609
0.814359
0.802604
0.786845
0.800912
0.786906
0.8151
0.781685
0.818264
0.796837
0.789815
0.818484
0.786899
0.798149
0.793479
0.792311
0.801195
0.795606
0.806263
0.793151
0.784658
0.784753
0.785307
0.781567
0.805465
0.807886
0.782985
0.784966
0.790752
0.795494
0.796638
0.803361
0.789853
0.819242
0.810206
0.810765
0.786148
0.805306
0.81245
0.784412
0.782144
0.782265
0.782896
0.789042
0.800413
0.796374
0.801353
0.781608
0.81198
0.787616
0.794759
0.816639
0.792369
0.800066
0.818206
0.817835
0.787952
0.781191
0.7828
0.798704
0.796685
0.799439
0.782064
0.806538
0.798681
0.81227
0.797303
0.804829
0.797577
0.789753
0.809241
0.79972
0.792018
0.812137
0.808763
0.812431
0.788511
0.790116
0.81404
0.780491
0.797733
0.788799
0.81713
0.810102
0.808865
0.815336
0.807937
0.816817
0.816526
0.810737
0.795521
0.793211
0.790176
0.797585
0.819748
0.808856
0.789855
0.797051
0.793685
0.807432
0.806804
0.782926
0.787152
0.818822
0.815063
0.815915
0.811254
0.783574
0.786031
0.805294
0.784065
0.803764
0.814093
0.781195
0.793866
0.802958
0.81653
0.781802
0.799775
0.813056
0.812539
0.815296
0.786267
0.782715
0.792881
0.786016
0.811571
0.802736
0.803067
0.785257
0.790168
0.789871
0.788183
0.79732
0.788693
0.783246
0.793235
0.819947
0.786819
0.799267
0.805241
0.790884
0.78303
0.799334
0.792079
0.796896
0.782292
0.788609
0.798698
0.802067
0.781666
0.791238
0.797363
0.787933
0.793953
0.810244
0.793949
0.785524
0.79298
0.817016
0.790781
0.803148
0.786887
0.798964
0.780469
0.79558
0.80221
0.793704
0.795528
0.809029
0.81297
0.780769
0.819913
0.816001
0.800103
0.791993
0.792897
0.802395
0.800602
0.811595
0.784463
0.802268
0.782832
0.801825
0.810201
0.796785
0.792069
0.78415
0.802309
0.845049
0.821166
0.85309
0.828197
0.828052
0.832054
0.828666
0.843632
0.854263
0.84237
0.85916
0.843292
0.83534
0.859929
0.843206
0.831341
0.840032
0.855199
0.844237
0.822427
0.835801
0.835832
0.826889
0.858069
0.838665
0.848715
0.84827
0.85545
0.820784
0.85242
0.837758
0.845833
0.853585
0.830848
0.85403
0.821638
0.842902
0.822696
0.84527
0.837165
0.845066
0.84443
0.820458
0.820406
0.844359
0.843663
0.831747
0.82439
0.838862
0.855984
0.826817
0.854663
0.831816
0.833706
0.852731
0.850481
0.822421
0.841001
0.84593
0.823205
0.833421
0.823689
0.849039
0.827006
0.834537
0.843069
0.828644
0.857439
0.845765
0.853914
0.834604
0.830831
0.838344
0.835062
0.831237
0.822703
0.858725
0.842984
0.827093
0.837587
0.838968
0.83391
0.83225
0.850784
0.847616
0.824981
0.841265
0.850038
0.845982
0.827195
0.853243
0.859403
0.830883
0.842282
0.826409
0.84542
0.825351
0.835053
0.842859
0.851116
0.828967
0.857463
0.821947
0.847311
0.832525
0.833184
0.850014
0.83125
0.856168
0.857107
0.848838
0.835136
0.831017
0.821087
0.82592
0.858633
0.826068
0.847184
0.84867
0.85205
0.854379
0.841914
0.851453
0.825262
0.824195
0.857862
0.850683
0.829546
0.832916
0.833542
0.820662
0.841883
0.831005
0.82261
0.829194
0.843531
0.835794
0.859208
0.854781
0.831962
0.856315
0.843619
0.847098
0.827332
0.844706
0.853018
0.825965
0.850774
0.840202
0.854635
0.842825
0.834581
0.836549
0.834278
0.839844
0.840744
0.83214
0.830527
0.85029
0.845056
0.844069
0.850953
0.826939
0.855074
0.853562
0.836133
0.838605
0.829357
0.835341
0.833386
0.841319
0.831656
0.857004
0.828418
0.838988
0.84171
0.821436
0.844953
0.832484
0.841638
0.839588
0.855309
0.856219
0.856136
0.829587
0.836063
0.83688
0.841727
0.84659
0.82717
0.826782
0.830658
0.858123
0.833721
0.825732
0.851685
0.849854
0.844337
0.821042
0.825196
0.857723
0.842362
0.836852
0.854727
0.850779
0.85584
0.836437
0.852215
0.840793
0.848922
0.833853
0.82038
0.84423
0.830072
0.856517
0.853817
0.846135
0.833397
0.835544
0.832725
0.840567
0.842326
0.843383
0.83869
0.856047
0.849115
0.830376
0.845902
0.833452
0.831418
0.851097
0.831175
0.853779
0.827949
0.825902
0.844559
0.823789
0.84234
0.836774
0.844582
0.831261
0.850627
0.844962
0.855492
0.820699
0.841479
0.849309
0.846834
0.854876
0.824852
0.859559
0.835444
0.847179
0.842942
0.854134
0.843226
0.832057
0.824509
0.829128
0.84551
0.835927
0.820225
0.856685
0.829707
0.828174
0.822587
0.854265
0.831963
0.844927
0.831039
0.856545
0.856188
0.821666
0.841507
0.85168
0.822365
0.822987
0.840988
0.849199
0.857863
0.845841
0.848758
0.833306
0.833019
0.8317
0.82744
0.856246
0.843757
0.831949
0.825373
0.829267
0.847877
0.825598
0.825952
0.857583
0.833772
0.828539
0.851849
0.845735
0.853466
0.822888
0.84228
0.849654
0.824554
0.823788
0.841334
0.826918
0.826774
0.822323
0.856117
0.824637
0.848163
0.844875
0.837943
0.821183
0.856574
0.845383
0.857428
0.840332
0.857333
0.822801
0.849598
0.84521
0.8284
0.85555
0.842793
0.842172
0.82409
0.834642
0.827907
0.857556
0.83753
0.850187
0.84721
0.842084
0.853975
0.828544
0.849002
0.820749
0.830867
0.845119
0.825386
0.85903
0.829993
0.843329
0.820213
0.826568
0.828713
0.857641
0.846899
0.826045
0.820443
0.836498
0.851255
0.828842
0.832048
0.834048
0.851014
0.836138
0.84869
0.858921
0.833693
0.82622
0.849108
0.820904
0.848303
0.883083
0.869448
0.877305
0.883832
0.880315
0.862424
0.889218
0.879345
0.872417
0.872547
0.879558
0.878985
0.88126
0.877199
0.865885
0.887305
0.877642
0.882382
0.87856
0.886484
0.89443
0.892608
0.877498
0.870568
0.881298
0.876419
0.884261
0.887518
0.865526
0.885165
0.875822
